     5 
 10724 
     6 
 10726 
     1 
 10725 
 11248 
 11767 
    10 
     9 
 11769 
 11747 
    15 
    16 
    13 
    14 
 11813 
 11799 
 10732 
    21 
    20 
    23 
    22 
    25 
    24 
 11962 
   127 
   130 
   129 
   131 
   134 
   133 
   132 
   135 
    35 
    36 
   137 
   136 
    39 
   139 
   138 
    42 
   141 
   140 
    45 
   143 
   142 
   145 
   144 
   147 
   146 
   148 
   149 
   152 
   151 
   150 
   154 
   153 
   155 
   156 
   158 
   157 
   160 
   159 
    65 
    68 
   162 
   128 
   161 
   163 
   166 
   165 
   164 
   167 
   168 
   170 
   169 
   171 
   173 
   172 
   208 
   176 
   175 
   174 
   179 
   178 
   177 
   183 
   182 
   181 
   180 
   186 
   185 
   184 
   187 
   188 
   189 
   190 
   191 
   193 
   192 
   195 
   194 
   196 
   197 
   198 
   107 
   201 
   199 
   110 
   112 
   111 
   114 
   113 
   115 
   205 
   206 
   207 
   119 
   203 
   209 
   122 
   210 
   211 
   212 
   213 
    27 
    68 
    29 
    28 
    30 
    33 
    32 
    31 
    34 
    38 
    37 
    41 
    40 
    44 
    43 
    47 
    46 
    49 
    48 
    51 
    50 
    52 
    53 
    56 
    55 
    54 
    58 
    57 
    59 
    60 
    62 
    61 
    64 
    63 
    27 
    67 
    70 
    73 
    72 
    71 
    74 
    75 
    77 
    76 
    78 
    80 
    79 
    84 
    83 
    82 
    87 
    86 
    85 
    91 
    90 
    89 
    88 
    94 
    93 
    92 
    95 
    96 
    97 
    98 
    99 
   101 
   100 
   103 
   102 
   104 
   105 
   106 
   109 
   107 
   108 
   202 
   120 
    92 
   116 
   117 
   119 
    81 
   121 
   123 
   124 
   125 
   126 
   214 
   240 
   242 
   241 
   243 
   247 
   245 
   246 
   248 
   249 
   248 
   251 
   250 
   254 
   253 
   252 
   255 
   256 
   259 
   258 
   257 
   261 
   260 
   237 
   244 
  9167 
   215 
   217 
   216 
   218 
   238 
   220 
   221 
   219 
   224 
   223 
   226 
   225 
   229 
   228 
   227 
   230 
   231 
   234 
   233 
   232 
   236 
   235 
   281 
   273 
   272 
   275 
   274 
   276 
   278 
   277 
   270 
   271 
   264 
   263 
   266 
   265 
   267 
   269 
   268 
   283 
   284 
   287 
   282 
   279 
   280 
  9167 
  9153 
   281 
   635 
   636 
   638 
   637 
   639 
   640 
   641 
   642 
   653 
   656 
   655 
   654 
   658 
   657 
   659 
   660 
   662 
   661 
   663 
   646 
   645 
  1720 
   664 
   665 
   666 
  1729 
   633 
   667 
   632 
   669 
   668 
   670 
   673 
   672 
   671 
   674 
   675 
   676 
   677 
   678 
   681 
   680 
   679 
   683 
   682 
   684 
   685 
   687 
   686 
   688 
   689 
   690 
   691 
   692 
   693 
   694 
   695 
   696 
   719 
   697 
   699 
   700 
   698 
   701 
   703 
   702 
   705 
   704 
   706 
   707 
   708 
   709 
   710 
   711 
   967 
   712 
   713 
   715 
   714 
   718 
   717 
   716 
   647 
   643 
   720 
   648 
   721 
   722 
   726 
   725 
   724 
   723 
   727 
   728 
   729 
   730 
   731 
   732 
   733 
   734 
   735 
   736 
   737 
   739 
   738 
   740 
   742 
   741 
   745 
   744 
   743 
   746 
   749 
   748 
   747 
   750 
   751 
   752 
   753 
   754 
   755 
   892 
   756 
   757 
   759 
   758 
   760 
   761 
   764 
   763 
   762 
   770 
  4080 
   773 
   778 
   779 
   781 
   782 
   783 
   785 
   790 
   792 
   791 
   793 
   799 
   800 
   788 
   797 
   798 
   802 
   801 
   826 
   827 
   828 
   829 
   835 
   836 
   837 
   838 
   839 
   840 
   841 
   842 
   844 
   843 
   845 
   846 
   848 
   847 
   780 
   871 
   872 
   784 
   873 
   874 
   875 
   877 
   862 
   864 
   865 
   868 
   867 
   768 
   775 
   774 
   769 
   881 
   880 
   766 
   882 
   883 
   884 
   885 
   886 
   887 
   888 
   889 
   890 
   891 
   894 
   895 
   893 
   896 
   897 
   898 
   899 
   948 
   876 
   879 
   901 
   900 
   905 
   904 
   902 
   906 
   907 
   908 
   909 
   903 
   910 
   911 
   912 
   914 
   913 
   915 
   644 
   916 
   917 
   918 
   919 
   765 
   921 
   922 
   923 
   924 
   925 
   927 
   926 
   928 
   929 
   930 
   931 
   933 
   932 
   920 
   934 
   935 
   937 
   939 
   938 
   936 
   941 
   942 
   940 
   944 
   945 
   946 
   947 
   949 
   950 
   951 
   952 
   953 
   954 
   955 
   956 
   957 
   958 
   960 
   959 
   961 
   962 
   964 
   966 
   965 
   963 
   968 
   969 
   970 
   971 
   972 
   974 
   973 
   976 
   975 
   977 
   978 
   979 
   980 
   981 
   634 
   984 
   983 
   982 
   985 
   986 
   987 
   988 
   989 
   991 
   990 
   993 
   992 
  1032 
   995 
   994 
   996 
   997 
  1732 
  1000 
   999 
  1002 
  1001 
  1003 
  1004 
  1005 
  1799 
  1006 
  1010 
  1009 
  1008 
  1007 
  1011 
  1013 
  1012 
  1015 
  1014 
  1016 
  1017 
  1018 
  1019 
  1020 
  1022 
  1021 
  1023 
   998 
  1026 
  1025 
  1027 
  1028 
  1030 
  1029 
  1024 
  1031 
   316 
   314 
   578 
   288 
   289 
   291 
   290 
   292 
   293 
   294 
   295 
   371 
   513 
   308 
   307 
   370 
   373 
  1033 
  1034 
  1036 
  1035 
   296 
   299 
   298 
   297 
   301 
   300 
   302 
   303 
   305 
   304 
   306 
   310 
   311 
   312 
   315 
   318 
   317 
   319 
   322 
   321 
   320 
   323 
   324 
   325 
   326 
   327 
   330 
   329 
   328 
   332 
   331 
   333 
   334 
   336 
   335 
   337 
   338 
   339 
   340 
   341 
   342 
   343 
   344 
   345 
   347 
   350 
   348 
   349 
   351 
   353 
   352 
   355 
   354 
   356 
   357 
   358 
   359 
   360 
   361 
   363 
   364 
   366 
   365 
   369 
   368 
   367 
   346 
   372 
   374 
   375 
   379 
   378 
   377 
   376 
   380 
   381 
   382 
   383 
   384 
   385 
   386 
   387 
   388 
   389 
   390 
   392 
   391 
   393 
   395 
   394 
   398 
   397 
   396 
   399 
   402 
   401 
   400 
   403 
   404 
   405 
   406 
   407 
   408 
   410 
   411 
   413 
   412 
   414 
   415 
   418 
   417 
   416 
   518 
   476 
  1037 
   470 
   473 
   419 
  3602 
  3603 
   421 
   472 
   471 
  1038 
  1041 
   422 
   423 
   457 
   424 
   425 
   426 
   460 
   427 
  1043 
  1045 
   434 
  1044 
   428 
   430 
   429 
   431 
  1046 
  1047 
  1048 
   435 
   436 
   432 
   433 
   438 
   437 
  1049 
  1051 
  1050 
  1053 
  1052 
  1054 
  1055 
  1056 
  1059 
  1058 
  1057 
  1060 
  1062 
  1061 
  1063 
  1065 
  1064 
  1067 
  1066 
  1068 
  1069 
  1071 
  1070 
   439 
   440 
   441 
   442 
  1072 
  1040 
  1073 
  1074 
  1075 
   443 
   444 
   445 
   446 
   447 
   448 
   449 
   450 
   452 
   451 
   453 
   454 
   456 
   455 
  1076 
  1041 
  1077 
  1078 
  1079 
  1080 
  1081 
  1082 
  1084 
  1083 
  1086 
  1091 
  1085 
   465 
  1087 
   466 
   467 
  1088 
   469 
   468 
  1089 
  1090 
   458 
   459 
   461 
   462 
   463 
   495 
   464 
  1092 
   496 
   475 
   474 
   477 
   478 
   479 
   480 
   481 
   482 
   483 
   484 
   485 
   486 
   409 
   489 
   487 
   488 
   490 
   491 
   492 
   493 
   498 
   497 
   501 
   506 
   500 
   499 
   502 
   503 
   504 
   505 
   507 
   508 
   509 
   511 
   510 
   512 
   514 
   515 
   516 
   517 
   532 
   519 
   520 
   521 
   522 
   523 
   525 
   524 
   526 
   527 
   528 
   529 
   531 
   530 
   533 
   534 
   538 
   535 
   537 
   536 
   541 
   539 
   540 
   537 
   542 
   543 
   544 
   545 
   494 
   546 
   547 
   548 
   549 
   550 
   551 
   552 
   553 
   554 
   555 
   557 
   556 
   558 
   559 
   563 
   560 
   562 
   561 
   362 
   564 
   565 
   566 
   567 
   568 
   570 
   569 
   572 
   571 
   573 
   574 
   575 
   576 
   577 
   581 
   580 
   579 
   582 
   583 
   584 
   585 
   586 
   588 
   587 
   590 
   589 
   593 
   592 
   594 
   595 
   623 
   598 
   597 
   600 
   599 
   601 
   602 
   603 
   605 
   609 
   608 
   607 
   606 
   610 
   612 
   611 
   614 
   613 
   615 
   616 
   617 
   618 
   619 
   621 
   620 
   622 
   630 
   625 
   624 
   626 
   627 
   629 
   628 
   631 
   591 
   649 
   650 
   652 
   651 
   767 
   776 
  2490 
   831 
   850 
  2569 
   786 
   789 
   787 
   794 
   795 
   796 
   803 
   805 
   804 
   807 
   806 
   808 
   809 
   810 
   813 
   812 
   811 
   814 
   816 
   815 
   817 
   819 
   818 
   821 
   820 
   822 
   823 
   825 
   824 
   830 
   832 
   833 
   834 
   849 
   851 
   852 
   853 
   854 
   855 
   856 
   858 
   857 
   861 
   859 
   863 
   866 
   869 
   870 
   860 
   878 
  1153 
  1154 
  1155 
  1165 
  1169 
  1169 
  2873 
  1602 
  1603 
  1607 
  1606 
  1605 
  1604 
  1690 
  1691 
  1693 
  1692 
  1761 
  1719 
  1721 
  1717 
  1722 
  1723 
  1724 
  1726 
  1725 
  1741 
  1727 
  1728 
  1731 
  1734 
  1733 
  1730 
  1735 
  1736 
  1739 
  1738 
  1737 
  1740 
  2183 
  2186 
  1743 
  1742 
  2187 
  1744 
  1745 
  1747 
  1746 
  1748 
  1750 
  1749 
  1751 
  1752 
  1753 
  1754 
  1755 
  1756 
  1757 
  1758 
  1765 
  1093 
  1094 
  1095 
  1759 
  1760 
  1762 
  1764 
  1763 
  1798 
  1766 
  1768 
  1767 
  1096 
  1769 
  1770 
  1771 
  1097 
  1772 
  1773 
  1776 
  1779 
  1775 
  1774 
  1777 
  1778 
  1781 
  1780 
  1782 
  1784 
  1783 
  1785 
  1786 
  1787 
  1789 
  1788 
  1791 
  1790 
  1792 
  2205 
  1793 
  1795 
  1794 
  1796 
  1797 
  1951 
  1952 
  1306 
  1973 
  1975 
  1974 
  1976 
  2235 
  1986 
  1987 
  1988 
  1981 
  1979 
  1989 
  1990 
  1991 
  1992 
  1995 
  1994 
  1993 
  1997 
  1996 
  1998 
  2002 
  2004 
  2003 
  2006 
  2005 
  2007 
  2009 
  2008 
  2011 
  2010 
  2012 
  2013 
  1977 
  2014 
  2016 
  2017 
  2019 
  2018 
  2021 
  2020 
  2022 
  2024 
  2023 
  2025 
  2027 
  2026 
  2028 
  2030 
  2031 
  2033 
  2032 
  2034 
  2035 
  2037 
  2036 
  1714 
  2039 
  2041 
  2040 
  2042 
  2043 
  2107 
  2044 
  2045 
  2046 
  2047 
  2048 
  2049 
  2053 
  2052 
  1978 
  2051 
  2054 
  2000 
  2106 
  2055 
  2056 
  2057 
  2058 
  2083 
  2059 
  2062 
  2061 
  2060 
  2063 
  2134 
  2064 
  2065 
  2066 
  7808 
  2067 
  2068 
  2069 
  2071 
  2070 
  2073 
  2074 
  2075 
  2076 
  2077 
  2079 
  2078 
  2080 
  2081 
  2082 
  2090 
  1199 
  2085 
  2084 
  2086 
  2089 
  2088 
  2087 
  2091 
  2092 
  2093 
  2094 
  2095 
  2097 
  2096 
  2098 
  2099 
  2100 
  2101 
  2102 
  2104 
  2105 
  2108 
  2109 
  2110 
  2111 
  2112 
  2138 
  2115 
  2113 
  2116 
  2117 
  2118 
  2119 
  2120 
  2121 
  2122 
  2123 
  2124 
  2125 
  2126 
  2127 
  2128 
  2129 
  2130 
  2131 
  2132 
  2133 
  2135 
  2136 
  2137 
  1199 
  2139 
  2141 
  2140 
  2142 
  2144 
  2146 
  2145 
  2149 
  2148 
  2147 
  2152 
  2151 
  2153 
  2158 
  2155 
  2154 
  2156 
  2157 
  2143 
  2150 
  2160 
  2159 
  2162 
  2161 
  2163 
  2164 
  7189 
  2165 
  2166 
  2167 
  2168 
  2169 
  2170 
  2171 
  2173 
  2172 
  2178 
  2029 
  2175 
  1713 
  2179 
  2176 
  2180 
  2184 
  2185 
  2188 
  2191 
  2190 
  2189 
  2192 
  2195 
  2193 
  2196 
  2197 
  2199 
  2198 
  2200 
  2201 
  2204 
  2203 
  2202 
  2206 
  2207 
  2208 
  2209 
  2210 
  2211 
  2214 
  2213 
  2212 
  2215 
  2216 
  2219 
  2218 
  2217 
  2220 
  2221 
  2223 
  2224 
  2225 
  2226 
  2228 
  2227 
  2229 
  2231 
  2230 
  2233 
  2232 
  2234 
  2236 
  2242 
  2237 
  2240 
  2239 
  2241 
  2243 
  2244 
  2247 
  2246 
  2248 
  2245 
  2251 
  2250 
  2249 
  2252 
  2253 
  2254 
  2255 
  2256 
  2257 
  2258 
  2259 
  2261 
  2260 
  2238 
  2266 
  2264 
  2262 
  2263 
  2265 
  2267 
  2268 
  2269 
  2271 
  2273 
  2222 
  2275 
  2276 
  2277 
  2278 
  2279 
  2280 
  2281 
  2283 
  2282 
  2284 
  2286 
  2287 
  2285 
  2288 
  2289 
  2290 
  2291 
  2292 
  2293 
  2294 
  2295 
  2296 
  2520 
  2521 
  2525 
  2524 
  2523 
  2522 
  2526 
  2528 
  2527 
  2530 
  2529 
  2531 
  2538 
  2537 
  2540 
  2539 
  2550 
  2541 
  2543 
  2542 
  2553 
  2558 
  2559 
  2560 
  2572 
  2574 
  2573 
  2575 
  2552 
  2576 
  2551 
  2578 
  2577 
  2815 
  2322 
  2816 
  2817 
  2818 
  2819 
  2821 
  2822 
  2823 
  2824 
  2825 
  2826 
  2827 
  2828 
  2829 
  2830 
  1800 
  1801 
  1557 
  1556 
  1803 
  1803 
  1804 
  1816 
  1802 
  1805 
  1807 
  1806 
  1810 
  1809 
  1808 
  1811 
  1812 
  1813 
  1814 
  1813 
  1817 
  1818 
  1819 
  1578 
  1577 
  2391 
  1820 
  1821 
  1822 
  1824 
  1823 
  1826 
  1825 
  1829 
  1828 
  1827 
  1590 
  1831 
  1830 
  1833 
  1832 
  1834 
  1836 
  1835 
  1838 
  1837 
  1839 
  1840 
  1100 
  1101 
  1105 
  1104 
  1103 
  1102 
  1841 
  1609 
  1846 
  1611 
  1843 
  1844 
  1845 
  1847 
  1848 
  1851 
  1850 
  1849 
  1854 
  1853 
  1852 
  1856 
  1855 
  1857 
  1858 
  1860 
  1859 
  1861 
  1865 
  1864 
  1863 
  1862 
  1867 
  1866 
  1869 
  1868 
  1871 
  1870 
  1872 
  1873 
  1874 
  1875 
  1876 
  1877 
  1878 
  1881 
  1880 
  1879 
  1883 
  1882 
  1884 
  1885 
  1886 
  1888 
  1887 
  1889 
  1891 
  1890 
  1892 
  1894 
  1893 
  1896 
  1895 
  1897 
  1899 
  1898 
  1900 
  1903 
  1902 
  1901 
  1904 
  1905 
  1906 
  1909 
  1908 
  1907 
  1910 
  1911 
  1912 
  1915 
  1914 
  1913 
  1917 
  1916 
  1918 
  1919 
  1920 
  1921 
  1106 
  1107 
  1109 
  1108 
  1923 
  1922 
  1924 
  1925 
  1926 
  1928 
  1927 
  1930 
  1929 
  1931 
  1932 
  1935 
  1933 
  1936 
  1937 
  1938 
  1939 
  1940 
  1941 
  1396 
  1255 
  1934 
  1942 
  1113 
  1943 
  1111 
   309 
  1112 
  1114 
  1115 
  1118 
  1118 
  1117 
  1120 
  1121 
   313 
  1125 
  1122 
   596 
  1124 
  1123 
  1126 
  1127 
  1130 
  1129 
  1128 
  1131 
  1119 
  1135 
  1134 
  1137 
  1138 
  1140 
  1139 
  1141 
  1143 
  1142 
  1144 
  1145 
  1146 
  1147 
  1148 
  1149 
  1150 
  1151 
  1156 
  1157 
  1110 
  1158 
  1160 
  1159 
  1152 
  1162 
  1164 
  1163 
  1166 
  1167 
  1168 
  1170 
  1171 
  1175 
  1174 
  1172 
  1176 
  1177 
  1173 
  1179 
  1178 
  1180 
  1182 
  1181 
  1183 
  1184 
  1185 
  1187 
  1186 
  1189 
  1188 
  1190 
  1192 
  1194 
  1193 
  1195 
  1196 
  1161 
   604 
  1554 
  1555 
  1562 
  1558 
  1560 
  1563 
  1565 
  1564 
  1568 
  1567 
  1566 
  1569 
  1570 
  1571 
  1572 
  1561 
  1561 
  1574 
  1575 
  1576 
  1580 
  1581 
  1582 
  1584 
  1583 
  1586 
  1585 
  1589 
  1588 
  1587 
  1592 
  1591 
  1594 
  1593 
  1595 
  1597 
  1596 
  1599 
  1598 
  1600 
  1601 
  1608 
  1609 
  1612 
  1613 
  1614 
  1610 
  1615 
  1616 
  1619 
  1618 
  1617 
  1622 
  1621 
  1620 
  1624 
  1623 
  1625 
  1626 
  1628 
  1627 
  1629 
  1633 
  1632 
  1631 
  1630 
  1635 
  1634 
  1637 
  1636 
  1639 
  1638 
  1640 
  1641 
  1642 
  1643 
  1644 
  1645 
  1646 
  1649 
  1648 
  1647 
  1651 
  1650 
  1652 
  1653 
  1654 
  1656 
  1655 
  1657 
  1659 
  1658 
  1660 
  1662 
  1661 
  1664 
  1663 
  1665 
  1667 
  1666 
  1668 
  1671 
  1670 
  1669 
  1672 
  1673 
  1674 
  1677 
  1676 
  1675 
  1678 
  1679 
  1680 
  1683 
  1682 
  1681 
  1685 
  1684 
  1686 
  1687 
  1688 
  1689 
  1695 
  1694 
  1696 
  1697 
  1698 
  1700 
  1699 
  1702 
  1701 
  1703 
  1704 
  1706 
  1715 
  1705 
  1707 
  1708 
  1709 
  1710 
  1711 
  1712 
  1716 
  1718 
  1944 
  1945 
  2807 
  1961 
  3105 
  1962 
  1963 
  1197 
  1198 
  1965 
  1967 
  1966 
  2805 
  1968 
  1969 
  1971 
  1970 
  1947 
  1949 
  1950 
  3017 
  1953 
  1955 
  1954 
  1957 
  1958 
  1960 
  1959 
  2799 
  1200 
  1202 
  1201 
  1203 
  1232 
  1270 
  1209 
  2297 
  1208 
  2299 
  2297 
  1984 
  2298 
  1205 
  1206 
  1207 
  1210 
  1211 
  1212 
  1213 
  1216 
  1215 
  1214 
  1218 
  1217 
  1219 
  2300 
  1273 
  2001 
  1220 
  1222 
  1221 
  1224 
  1223 
  1225 
  1227 
  1226 
  1229 
  1228 
  1230 
  1231 
  1233 
  2302 
  1234 
  1235 
  1237 
  1236 
  1239 
  1238 
  1240 
  1242 
  1241 
  1243 
  1245 
  1244 
  1246 
  1394 
  1247 
  1248 
  1250 
  1249 
  1251 
  1252 
  1254 
  1253 
  2301 
  1256 
  1258 
  1257 
  1259 
  1260 
  1262 
  1263 
  1264 
  1265 
  1266 
  1267 
  2304 
  1271 
  1269 
  1268 
  1272 
  1275 
  1276 
  1277 
  1278 
  1280 
  1283 
  1282 
  1281 
  1284 
  1286 
  1287 
  1288 
  1290 
  1291 
  1292 
  1294 
  1293 
  7544 
  1295 
  1296 
  1297 
  1298 
  1299 
  1301 
  1300 
  1302 
  1303 
  1304 
  1279 
  1308 
  1307 
  1309 
  1312 
  1311 
  1310 
  1305 
  1313 
  1314 
  1315 
  1316 
  1317 
  1319 
  1318 
  1320 
  1321 
  1322 
  1323 
  1324 
  2305 
  1325 
  1326 
  1274 
  1261 
  1327 
  1328 
  1329 
  1330 
  1331 
  1334 
  2306 
  1333 
  1335 
  1336 
  1337 
  1338 
  1339 
  1340 
  1341 
  1342 
  1343 
  1344 
  1345 
  1346 
  1347 
  1348 
  1349 
  1350 
  1351 
  1352 
  1285 
  1353 
  1354 
  1355 
  1332 
  1357 
  1359 
  1358 
  1360 
  1375 
  1361 
  1363 
  1362 
  1366 
  1365 
  1364 
  1376 
  1368 
  1367 
  1369 
  1372 
  1371 
  1373 
  1374 
  1370 
  1378 
  1377 
  1380 
  1379 
  1381 
  1382 
  1384 
  1385 
  1386 
  1387 
  1388 
  1389 
  1390 
  1392 
  1391 
  2308 
  1395 
  1398 
  2307 
  1393 
  1397 
  1399 
  2195 
  2182 
  1132 
  1400 
  1401 
  1133 
  1136 
  1402 
  1405 
  1404 
  1403 
  1406 
  1408 
  1400 
  2181 
  1409 
  1410 
  1412 
  1411 
  1413 
  1414 
  1417 
  1416 
  1415 
  1191 
  1418 
  1419 
  1420 
  1421 
  1422 
  1423 
  1426 
  1425 
  1424 
  1427 
  1428 
  1431 
  1430 
  1429 
  1432 
  1433 
  1482 
  1434 
  1435 
  1436 
  1437 
  1439 
  1438 
  1440 
  1442 
  1441 
  1444 
  1443 
  1445 
  1204 
  1446 
  1448 
  1471 
  1450 
  1449 
  1451 
  1447 
  1452 
  1453 
  1457 
  1455 
  1454 
  1456 
  1460 
  1459 
  1458 
  1461 
  1462 
  1463 
  1464 
  1465 
  1466 
  1467 
  1468 
  1470 
  1469 
  1474 
  1475 
  1473 
  1476 
  1472 
  1477 
  1478 
  1479 
  2310 
  1480 
  2309 
  1481 
  2310 
  1483 
  1484 
  1485 
  1486 
  1487 
  1488 
  1489 
  1491 
  1490 
  1492 
  1495 
  1493 
  1494 
  1496 
  1497 
  1498 
  1499 
  1500 
  1501 
  1502 
  1503 
  1504 
  1980 
  1985 
  1982 
  1999 
  2038 
  2015 
  2050 
  2050 
  2103 
  2114 
  2177 
  2174 
  2272 
  2274 
  2579 
  2581 
  2582 
  2583 
  2673 
  2783 
  2584 
  2585 
  2586 
  2671 
  2580 
  1539 
  2587 
  2588 
  2325 
  2326 
  2590 
  2591 
  2620 
  2592 
  2593 
  2595 
  2594 
  2596 
  2597 
  2598 
  2599 
  2600 
  2601 
  2602 
  2603 
  2616 
  2604 
  2605 
  2606 
  2607 
  2608 
  2610 
  2609 
  2611 
  2612 
  2613 
  2615 
  2614 
  2617 
  2618 
  2591 
  2630 
  2621 
  2622 
  2623 
  2362 
  2624 
  2625 
  2626 
  2627 
  2628 
  2370 
  2629 
  2770 
  2589 
  2666 
  2631 
  2632 
  2633 
  2634 
  2635 
  2636 
  2637 
  2638 
  2642 
  2665 
  2423 
  2640 
  2389 
  2639 
  2641 
  2649 
  2385 
  2643 
  1579 
  2644 
  2645 
  2646 
  2647 
  2648 
  2650 
  2651 
  2652 
  2653 
  2654 
  2782 
  2655 
  2620 
  2806 
  2657 
  2658 
  2617 
  2674 
  2659 
  2661 
  2662 
  2663 
  2664 
  2667 
  2668 
  2669 
  2670 
  2672 
  2660 
  2675 
  2676 
  2383 
  2677 
  2678 
  2679 
  2681 
  2680 
  2682 
  2684 
  2685 
  2686 
  2687 
  2689 
  2690 
  2691 
  2694 
  2693 
  2692 
  2695 
  2696 
  2697 
  2698 
  2699 
  2700 
  2702 
  2705 
  2704 
  2701 
  2707 
  2708 
  2710 
  2709 
  2711 
  2714 
  2715 
  2716 
  2713 
  2712 
  2717 
  2718 
  2720 
  2719 
  2721 
  2724 
  2723 
  2722 
  2726 
  2727 
  2728 
  2729 
  2730 
  2731 
  2733 
  2734 
  2736 
  2737 
  2738 
  2739 
  2740 
  2741 
  2742 
  2743 
  2735 
  2745 
  2744 
  2746 
  2747 
  2688 
  1039 
  2752 
  2749 
  2751 
  2750 
  2753 
  2748 
  2757 
  2756 
  2755 
  2758 
  2760 
  2759 
  2761 
  2763 
  2762 
  2764 
  2765 
  2766 
  2767 
  2769 
  2768 
  2702 
  2771 
  2772 
  2773 
  2774 
  2808 
  2775 
  2776 
  1505 
  1506 
  1510 
  1509 
  1508 
  1507 
  1511 
  1513 
  1512 
  1515 
  1514 
  1516 
  2777 
  2778 
  2779 
  2780 
  2683 
  1518 
  1517 
  1520 
  1519 
  1522 
  1524 
  1523 
  2781 
  2784 
  2785 
  2787 
  2786 
  2725 
  1521 
  1535 
  1533 
  1525 
  2788 
  2789 
  2703 
  2790 
  1526 
  1527 
  1528 
  2791 
  2836 
  2706 
  2792 
  2732 
  2837 
  2793 
  2794 
  1042 
  2795 
  2796 
  1529 
  1531 
  1530 
  1532 
  1534 
  1537 
  1536 
  2311 
  2321 
  2312 
  2313 
  2314 
  2317 
  2318 
  2319 
  2323 
  2324 
  2371 
  2327 
  2328 
  2330 
  2331 
  2333 
  2332 
  2334 
  2335 
  2336 
  2337 
  2338 
  2339 
  2340 
  2341 
  2343 
  2344 
  2345 
  2346 
  2347 
  2349 
  2348 
  2350 
  2351 
  2352 
  2354 
  2353 
  2342 
  2355 
  2356 
  2328 
  2404 
  2359 
  2360 
  2361 
  2363 
  2364 
  2365 
  2366 
  2367 
  2369 
  2358 
  2373 
  2374 
  2375 
  2376 
  2377 
  2378 
  2379 
  2380 
  2386 
  2384 
  2387 
  2381 
  2390 
  2392 
  2393 
  2394 
  2395 
  2396 
  2388 
  2397 
  2398 
  2399 
  2400 
  2401 
  2403 
  2371 
  2406 
  2407 
  2410 
  2420 
  2411 
  2412 
  2413 
  2414 
  2382 
  2372 
  2415 
  2416 
  2417 
  2418 
  2320 
  2419 
  2315 
  2409 
  2421 
  2422 
  2424 
  2425 
  2426 
  2428 
  2427 
  2429 
  2536 
  2430 
  2431 
  2432 
  2433 
  2489 
  2434 
  2435 
  2436 
  2439 
  2438 
  2437 
  2440 
  2441 
  2442 
  2443 
  2444 
  2445 
  2449 
  2446 
  2556 
  2448 
  2447 
  2563 
  2450 
  2451 
  2453 
  2452 
  2454 
  2459 
  2458 
  2455 
  2456 
  2457 
  2460 
  2461 
  2463 
  2462 
  2464 
  2467 
  2466 
  2465 
  2549 
  2468 
  2469 
  2470 
  2471 
  2472 
  2473 
  2565 
  2474 
  2475 
  2484 
  2476 
  2477 
  2478 
  2479 
  2480 
  2481 
  2482 
  2483 
  2486 
  2485 
  2487 
  2488 
  2496 
  2492 
  2494 
  2493 
  2491 
  2495 
  2493 
  2499 
  2498 
  2497 
  2500 
  2502 
  2501 
  2503 
  2505 
  2504 
  2506 
  2507 
  2508 
  2509 
  2511 
  2510 
  2370 
  2513 
  2514 
  2515 
  2516 
  2518 
  2519 
  2532 
  2533 
  2534 
  2535 
  2544 
  2402 
  2316 
  2545 
  2546 
  2548 
  2547 
  2554 
  2555 
  2557 
  2449 
  2564 
  2567 
  2568 
  2570 
  2571 
  2808 
  2809 
  1972 
  2811 
  2812 
  2810 
  2806 
  2814 
  1956 
  2405 
  1946 
  2797 
  2798 
  2802 
  2800 
  2801 
  2514 
  2804 
  1538 
  1540 
  1541 
  1542 
  1543 
  2831 
  1544 
  1545 
  1546 
  1547 
  1548 
  1549 
  1550 
  1551 
  1552 
  1553 
  2820 
  2834 
  2833 
  2832 
  2838 
  2562 
  2566 
  2835 
  2937 
  2939 
  2938 
  2941 
  2940 
  2880 
  2855 
  2878 
  2960 
  2982 
  2958 
  2981 
  2957 
  2959 
  2961 
  2962 
  2977 
  2845 
  2963 
  2964 
  2965 
  2966 
  2967 
  2968 
  2969 
  2970 
  2971 
  2972 
  2973 
  2974 
  2975 
  2976 
  2976 
  2978 
  1099 
  2985 
  2983 
  2984 
  2986 
  2846 
  2879 
  2844 
  2999 
  3001 
  3000 
  3004 
  3003 
  3005 
  3006 
  3074 
  3007 
  3008 
  3009 
  3016 
  3018 
  3019 
  3020 
  3022 
  3023 
  3025 
  3026 
  3028 
  3029 
  3119 
  3075 
  3030 
  3032 
  3031 
  3036 
  3037 
  3040 
  3039 
  3038 
  3041 
  3042 
  3043 
  3045 
  3044 
  3067 
  3070 
  3068 
  3072 
  3071 
  3073 
  3002 
  2944 
  3080 
  2945 
  2927 
  2946 
  2948 
  2947 
  2949 
  2950 
  2951 
  2952 
  2953 
  2954 
  2839 
  2841 
  2840 
  2843 
  2842 
  2955 
  2956 
  2924 
  2926 
  2928 
  2930 
  2929 
  2931 
  2932 
  2933 
  2934 
  2935 
  2936 
  2942 
  2943 
  2851 
  2849 
  2852 
  2847 
  2853 
  2854 
  2857 
  2858 
  2859 
  2860 
  2861 
  2862 
  2863 
  2864 
  2865 
  2866 
  2867 
  2868 
  2869 
  2870 
  2855 
  2872 
  2988 
  2988 
  2850 
  2848 
  2875 
  2876 
  2874 
  2877 
  2877 
  2980 
  3076 
  2990 
  3077 
  2992 
  3078 
  3079 
  3080 
  3081 
  3082 
  3083 
  2881 
  2883 
  2882 
  2923 
  2885 
  2884 
  2886 
  2887 
  2889 
  2890 
  2891 
  3084 
  3086 
  3085 
  3089 
  3088 
  3087 
  2892 
  1964 
  2893 
  2894 
  2895 
  3090 
  2896 
  2897 
  3091 
  2898 
  2899 
  3092 
  2900 
  2901 
  2904 
  2906 
  2905 
  3095 
  3093 
  3094 
  2907 
  2908 
  2911 
  2910 
  2909 
  2912 
  2913 
  2914 
  2916 
  2915 
  3097 
  3096 
  3099 
  3100 
  3101 
  3102 
  3103 
  3104 
  3105 
  3106 
  3107 
  3108 
  3109 
  3111 
  3110 
  3112 
  3113 
  3114 
  3115 
  3116 
  3117 
  2917 
  2919 
  3118 
  2918 
  2921 
  2920 
  2922 
  2888 
  2903 
  2989 
  2991 
  2993 
  2994 
  2925 
  2996 
  2997 
  2998 
  3010 
  3012 
  3011 
  3015 
  3014 
  3013 
  3021 
  3024 
  3027 
  3034 
  3035 
  3033 
  3047 
  3046 
  3055 
  3048 
  3049 
  3050 
  3051 
  3052 
  3053 
  3054 
  3055 
  3056 
  3057 
  3058 
  3060 
  3059 
  3061 
  3062 
  3063 
  3064 
  3065 
  3066 
  3069 
  2902 
  3457 
  3458 
  3459 
  3460 
  3461 
  3462 
  3463 
  3712 
  3464 
  3465 
  3466 
  3468 
  3467 
  3469 
  3471 
  3470 
  3472 
  3473 
  3475 
  3476 
  3477 
  3478 
  3480 
  3479 
  3481 
  3482 
  3483 
  3493 
  3494 
  3498 
  3497 
  3496 
  3495 
  3500 
  3502 
  3501 
  3503 
  3505 
  3504 
  3529 
  3530 
  3531 
  3532 
  3533 
  3534 
  3559 
  3562 
  3561 
  3563 
  3560 
  3597 
  3565 
  3564 
  3558 
  3499 
  3576 
  3577 
  3624 
  3578 
  3579 
  3580 
  3581 
  3583 
  3582 
  3584 
  3585 
  3586 
  3587 
  3588 
  3589 
  3591 
  3590 
  3592 
  3594 
  3952 
  3593 
  3595 
  3596 
  3598 
  3599 
  3600 
  3474 
  3625 
  3626 
  3627 
  3628 
  3629 
  3690 
  3691 
  3693 
  3692 
  3695 
  3694 
  3696 
  3697 
  3698 
  3701 
  3700 
  3699 
  3702 
  3703 
  3704 
  3707 
  3706 
  3705 
  3708 
  3709 
  3711 
  3713 
  3818 
  3714 
  3716 
  3715 
  3718 
  3717 
  3719 
  3720 
  3722 
  3721 
  3723 
  3724 
  3484 
  3485 
  3725 
  3726 
  3728 
  3727 
  3729 
  3730 
  3733 
  3732 
  3731 
  3734 
  3735 
  3810 
  3736 
  3737 
  3739 
  3741 
  3740 
  3745 
  3744 
  3738 
  3746 
  3742 
  3747 
  3748 
  3749 
  3750 
  3743 
  3752 
  3753 
  3956 
  3754 
  3756 
  3758 
  3757 
  3759 
  3760 
  3761 
  3762 
  3755 
  3763 
  3764 
  3765 
  3767 
  3766 
  3769 
  3768 
  3770 
  3772 
  3771 
  3774 
  3773 
  3775 
  3776 
  3777 
  3778 
  3779 
  3781 
  3780 
  3785 
  3782 
  3784 
  3783 
  3786 
  3787 
  3788 
  3789 
  3790 
  3791 
  3792 
  3793 
  3794 
  3795 
  3797 
  3796 
  3798 
  3799 
  3800 
  3802 
  3801 
  3803 
  3804 
  3806 
  3805 
  3807 
  3808 
  3809 
  3812 
  3811 
  3814 
  3813 
  3815 
  3816 
  3817 
  3819 
  3821 
  3820 
  3822 
  3823 
  3824 
  3825 
  3826 
  3827 
  3828 
  3829 
  3830 
  3833 
  3832 
  3831 
  3834 
  3835 
  3840 
  3837 
  3836 
  3838 
  3839 
  3841 
  3710 
  3842 
  3843 
  3844 
  3845 
  3846 
  3849 
  3847 
  3848 
  3850 
  3851 
  3852 
  3853 
  3854 
  3855 
  3856 
  3857 
  3858 
  3859 
  3865 
  3869 
  3874 
  3870 
  3871 
  3876 
  3872 
  3873 
  3875 
  3878 
  3879 
  3903 
  3902 
  3904 
  3910 
  3914 
  3911 
  3913 
  3915 
  3921 
  3939 
  3922 
  3923 
  3924 
  3925 
  3926 
  3927 
  3936 
  3935 
  3937 
  3938 
  3940 
  3942 
  3941 
  3943 
  3944 
  3945 
  3946 
  3947 
  3948 
  3950 
  3949 
  3951 
  3953 
  3954 
  3955 
  3958 
  3957 
  3959 
  3960 
  3961 
  3962 
  3963 
  3964 
  3966 
  3965 
  3967 
  3968 
  3971 
  3970 
  3969 
  3976 
  3974 
  3977 
  3982 
  3981 
  3983 
  3984 
  3751 
  3987 
  3988 
  4004 
  3990 
  4005 
  4006 
  4008 
  4009 
  4014 
  4010 
  3120 
  3121 
  3122 
  3123 
  3124 
  3125 
  3126 
  3128 
  3129 
  3130 
  3132 
  3131 
  3133 
  3135 
  3134 
  3136 
  3137 
  3201 
  3138 
  3139 
  3140 
  3141 
  3143 
  3142 
  3144 
  3145 
  3146 
  3241 
  3242 
  4016 
  4015 
  4017 
  4018 
  4020 
  4019 
  4055 
  3147 
  3148 
  3152 
  3151 
  3150 
  3149 
  3174 
  3153 
  3155 
  3154 
  3156 
  3158 
  3157 
  4021 
  4022 
  4023 
  4025 
  4024 
  4025 
  4026 
  4027 
  4028 
  4030 
  4029 
  4037 
  4031 
  4032 
  4034 
  4033 
  4035 
  4036 
  4040 
  4039 
  4038 
  4056 
  4041 
  3159 
  3160 
  3161 
  3162 
  3163 
  3164 
  4043 
  4042 
  4045 
  4044 
  4047 
  4046 
  4048 
  4049 
  4050 
  4051 
  4052 
  4053 
  4054 
  4057 
  4060 
  4059 
  4058 
  4061 
  4062 
  4063 
  4064 
  4065 
  4066 
  3173 
  3165 
  3169 
  3167 
  3166 
  3168 
  3172 
  3171 
  4068 
  4069 
  4070 
  4072 
  4071 
  4073 
  4074 
  4075 
  4076 
  4077 
  3175 
  3176 
  3178 
  3179 
  3180 
  3181 
  3183 
  3182 
  3184 
  3185 
  3186 
  3187 
  3188 
  3189 
  3191 
  3190 
  3192 
  3195 
  3193 
  3196 
  3197 
  3170 
  3198 
  3199 
  3200 
  4078 
   771 
   772 
  4079 
  4082 
  4081 
  4083 
  4084 
  4085 
  4087 
  4086 
  4088 
  4089 
  4090 
  4091 
  4067 
  4092 
  4094 
  4093 
  4095 
  4096 
  4097 
  4098 
  3177 
  3202 
  3203 
  3204 
  3205 
  3206 
  4100 
  4099 
  4102 
  4101 
  4105 
  4103 
  4104 
  4106 
  4108 
  4107 
  4110 
  4109 
  4111 
  4112 
  4113 
  4114 
  4115 
  4116 
  4117 
  4118 
  4119 
  4215 
  4120 
  4121 
  4122 
  4123 
  4125 
  4124 
  4127 
  4126 
  4129 
  4128 
  4130 
  4131 
  4132 
  4134 
  4133 
  4135 
  4137 
  4136 
  4138 
  4139 
  4140 
  4141 
  4218 
  4142 
  4144 
  4143 
  4146 
  4145 
  4147 
  4148 
  4149 
  4150 
  4152 
  4151 
  4153 
  4154 
  4156 
  4155 
  3207 
  3208 
  3210 
  3209 
  3212 
  3211 
  3213 
  3214 
  3215 
  3218 
  3217 
  3216 
  3219 
  3220 
  3221 
  3224 
  3223 
  3222 
  3225 
  3226 
  3359 
  3227 
  3127 
  3228 
  3230 
  3232 
  3231 
  3234 
  3233 
  3235 
  3236 
  3238 
  3237 
  3239 
  3240 
  3243 
  3244 
  3246 
  3245 
  3247 
  3248 
  3251 
  3250 
  3249 
  3252 
  3253 
  3255 
  3256 
  3262 
  3257 
  3259 
  3258 
  3264 
  3269 
  3261 
  3260 
  3263 
  3265 
  3266 
  3267 
  3268 
  3446 
  3270 
  3271 
  3273 
  3281 
  3274 
  3276 
  3275 
  3277 
  3278 
  3279 
  3280 
  3282 
  3283 
  3284 
  3286 
  3285 
  3288 
  3287 
  3289 
  3291 
  3290 
  3293 
  3292 
  3294 
  3295 
  3296 
  3297 
  3298 
  3300 
  3299 
  3302 
  3304 
  3303 
  3301 
  3305 
  3306 
  3307 
  3308 
  3309 
  3310 
  3311 
  3312 
  3313 
  3314 
  3316 
  3315 
  3317 
  3318 
  3319 
  3321 
  3320 
  3322 
  3323 
  3325 
  3324 
  3326 
  3327 
  3328 
  3254 
  3330 
  3329 
  3332 
  3331 
  3333 
  3334 
  3335 
  3229 
  3336 
  3338 
  3337 
  3339 
  3340 
  3341 
  3342 
  3343 
  3344 
  3345 
  3346 
  3347 
  3350 
  3349 
  3348 
  3351 
  3352 
  3355 
  3354 
  3356 
  3357 
  3353 
  3358 
  3360 
  3361 
  3362 
  3363 
  3364 
  3366 
  3367 
  3365 
  3368 
  3369 
  3370 
  3371 
  3372 
  3373 
  3374 
  3375 
  3376 
  3377 
  4158 
  4157 
  4159 
  4161 
  4160 
  3378 
  4162 
  4163 
  4164 
  3379 
  3381 
  3382 
  3384 
  3385 
  3380 
  3386 
  3383 
  4165 
  3387 
  3388 
  4166 
  4167 
  4168 
  4169 
  4171 
  4172 
  4170 
  4173 
  4174 
  4175 
  4176 
  4177 
  4178 
  4179 
  4181 
  4180 
  4182 
  4183 
  4185 
  4184 
  4187 
  4186 
  3390 
  3389 
  3391 
  4188 
  4189 
  4190 
  4191 
  4192 
  3392 
  3394 
  4193 
  3395 
  3393 
  3396 
  4194 
  4195 
  4197 
  4196 
  4198 
  3397 
  3399 
  3400 
  3401 
  3402 
  3403 
  3404 
  4230 
  4199 
  4200 
  4202 
  4201 
  4203 
  4204 
  3406 
  3405 
  3407 
  3408 
  3398 
  3409 
  3411 
  3410 
  3412 
  3413 
  3414 
  3415 
  3416 
  3417 
  3419 
  3418 
  3420 
  3194 
  3421 
  3422 
  3423 
  3272 
  3425 
  3424 
  3426 
  3427 
  3428 
  3429 
  3430 
  3431 
  3433 
  3432 
  3434 
  3435 
  3438 
  3437 
  3436 
  4205 
  4206 
  3440 
  4207 
  3439 
  3441 
  4208 
  4210 
  4209 
  3443 
  3442 
  3444 
  3445 
  4211 
  4212 
  3447 
  3448 
  4213 
  3450 
  4214 
  4216 
  4217 
  4220 
  4219 
  4221 
  4222 
  4223 
  4224 
  4225 
  4227 
  4226 
  4228 
  3449 
  3451 
  3452 
  4229 
  3453 
  3454 
  3456 
  4231 
  4232 
  4233 
  3455 
  3487 
  3486 
  3488 
  3489 
  3491 
  3490 
  3506 
  3507 
  3508 
  3510 
  3511 
  3512 
  3513 
  3514 
  3516 
  3515 
  3518 
  3519 
  3521 
  3520 
  3522 
  3523 
  3517 
  3526 
  3525 
  3524 
  3528 
  3536 
  3535 
  3538 
  3537 
  3540 
  3539 
  3541 
  3542 
  3543 
  3544 
  3545 
  3546 
  3547 
  3492 
  3527 
  3548 
  3551 
  3550 
  3549 
  3552 
  3553 
  3554 
  3555 
  3556 
  3557 
  3616 
  3566 
  3567 
  3568 
  3570 
  3569 
  3571 
  3572 
  3573 
  3574 
  3575 
  3601 
  3604 
   420 
  3606 
  3605 
  3607 
  3608 
  3609 
  3611 
  3610 
  3612 
  3613 
  3614 
  3615 
  3617 
  3619 
  3618 
  3620 
  3621 
  3622 
  3623 
  3631 
  3630 
  3633 
  3632 
  3635 
  3636 
  3634 
  3637 
  3639 
  3638 
  3641 
  3640 
  3642 
  3643 
  3644 
  3645 
  3646 
  3647 
  3648 
  3649 
  3650 
  3652 
  3653 
  3654 
  3655 
  3657 
  3656 
  3659 
  3658 
  3661 
  3660 
  3662 
  3663 
  3664 
  3666 
  3665 
  3667 
  3669 
  3668 
  3670 
  3671 
  3672 
  3673 
  3675 
  3677 
  3676 
  3679 
  3678 
  3680 
  3681 
  3682 
  3683 
  3685 
  3684 
  3686 
  3687 
  3689 
  3688 
  3861 
  3860 
  3862 
  3864 
  3863 
  3866 
  3867 
  3868 
  3877 
  3880 
  3881 
  3882 
  3883 
  3886 
  3884 
  3885 
  3887 
  3888 
  3889 
  3890 
  3891 
  3892 
  3893 
  3895 
  3894 
  3896 
  3897 
  3899 
  3898 
  3901 
  3900 
  3905 
  3906 
  3907 
  3908 
  3909 
  3912 
  3916 
  3917 
  3919 
  3918 
  3920 
  3929 
  3930 
  3932 
  3931 
  3933 
  3934 
  3972 
  3973 
  3975 
  3978 
  3980 
  3979 
  3985 
  3986 
  3989 
  3991 
  3651 
  3992 
  3993 
  3674 
  3995 
  3994 
  3996 
  3997 
  3998 
  3999 
  4000 
  4002 
  4001 
  4003 
  4007 
  3928 
  4011 
  4012 
  4013 
  5090 
  5091 
  5092 
  5095 
  5098 
  5097 
  5099 
  5101 
  5100 
  5102 
  5104 
  5105 
  5106 
  5618 
  5107 
  5108 
  5110 
  5109 
  5111 
  5112 
  5114 
  5117 
  5116 
  5115 
  5122 
  5121 
  5120 
  5119 
  5118 
  5124 
  5125 
  5126 
  5127 
  5128 
  5131 
  5130 
  5129 
  5133 
  5132 
  5134 
  5137 
  5136 
  5135 
  5139 
  5138 
  5141 
  5140 
  5142 
  5144 
  5143 
  5145 
  5146 
  5148 
  5147 
  5149 
  5150 
  5151 
  5152 
  5153 
  5156 
  5155 
  5154 
  5157 
  5158 
  5161 
  5160 
  5159 
  5162 
  5163 
  5165 
  5164 
  5166 
  5168 
  5167 
  5171 
  5170 
  5169 
  5172 
  5173 
  5176 
  5175 
  5174 
  5177 
  5178 
  5179 
  5185 
  5181 
  5180 
  5182 
  5183 
  5094 
  5184 
  5186 
  5187 
  5188 
  5189 
  5191 
  5193 
  5192 
  5190 
  5194 
  5195 
  5196 
  5198 
  5197 
  5235 
  5199 
  5201 
  5203 
  5204 
  5205 
  5202 
  5200 
  5206 
  5207 
  5208 
  5209 
  5212 
  5211 
  5210 
  5213 
  5214 
  5215 
  5216 
  5217 
  5220 
  5219 
  5218 
  5223 
  5222 
  5221 
  5224 
  5225 
  5226 
  5228 
  5227 
  5229 
  5232 
  5231 
  5230 
  5233 
  5234 
  5237 
  5236 
  5238 
  5240 
  5239 
  5241 
  5244 
  5243 
  5242 
  5246 
  5245 
  5247 
  5248 
  5250 
  5249 
  5251 
  5252 
  5254 
  5253 
  5255 
  5256 
  5257 
  5258 
  5259 
  5261 
  5260 
  5262 
  5263 
  5264 
  5265 
  5267 
  5268 
  5269 
  5270 
  5272 
  5271 
  5274 
  5273 
  5275 
  5278 
  5277 
  5276 
  5280 
  5279 
  5282 
  5281 
  5286 
  5285 
  5284 
  5283 
  5287 
  5289 
  5288 
  5290 
  5292 
  5291 
  5293 
  5294 
  5295 
  5296 
  5297 
  5298 
  5299 
  5301 
  5300 
  5303 
  5302 
  5304 
  5305 
  5307 
  5306 
  5309 
  5308 
  5310 
  5311 
  5313 
  5314 
  5315 
  5316 
  5317 
  5318 
  5319 
  5312 
  5320 
  5322 
  5324 
  5323 
  5325 
  5328 
  5327 
  5326 
  5329 
  5335 
  5330 
  5333 
  5332 
  5331 
  5334 
  5336 
  5337 
  5338 
  5339 
  5341 
  5340 
  5343 
  5342 
  5349 
  5345 
  5344 
  5346 
  5347 
  5348 
  5350 
  5352 
  5353 
  5354 
  5357 
  5356 
  5355 
  5359 
  5358 
  5360 
  5361 
  5363 
  5362 
  5367 
  5366 
  5365 
  5364 
  5368 
  5369 
  5370 
  5371 
  5372 
  5374 
  5373 
  5377 
  5376 
  5375 
  5379 
  5378 
  5113 
  5381 
  5380 
  5383 
  5382 
  5384 
  5402 
  5386 
  5387 
  5388 
  5389 
  5390 
  5391 
  5392 
  5393 
  5403 
  5394 
  5395 
  5404 
  5396 
  5397 
  5398 
  5399 
  5400 
  5401 
  5405 
  5406 
  5407 
  5408 
  5409 
  5411 
  5410 
  5413 
  5412 
  5414 
  5415 
  5416 
  5417 
  5419 
  5418 
  5420 
  5421 
  5422 
  5423 
  5424 
  5494 
  5425 
  5426 
  5429 
  5428 
  5427 
  5430 
  5432 
  5431 
  5433 
  5351 
  5434 
  5436 
  5435 
  5437 
  5438 
  5440 
  5439 
  5442 
  5441 
  5444 
  5443 
  5446 
  5445 
  5447 
  5450 
  5448 
  5451 
  5449 
  5452 
  5453 
  5455 
  5454 
  5457 
  5456 
  5458 
  5460 
  5461 
  5385 
  5462 
  5464 
  5463 
  5465 
  5466 
  5467 
  5468 
  5469 
  5470 
  5471 
  5472 
  5473 
  5474 
  5476 
  5475 
  5477 
  5478 
  5480 
  5479 
  5481 
  5554 
  5482 
  5553 
  5484 
  5483 
  5486 
  5485 
  5488 
  5487 
  5489 
  5490 
  5491 
  5492 
  5493 
  5495 
  5496 
  5497 
  5499 
  5500 
  5502 
  5501 
  5503 
  5505 
  5504 
  5506 
  5507 
  5508 
  5509 
  5510 
  5511 
  5512 
  5513 
  5266 
  5515 
  5514 
  5520 
  5516 
  5517 
  5519 
  5518 
  5521 
  5525 
  5524 
  5522 
  5523 
 11291 
 11290 
  5526 
  5527 
  5529 
  5528 
  5530 
  5531 
  5532 
  5533 
  5535 
  5632 
  5534 
  5537 
  5536 
  5538 
  5548 
  5539 
  5540 
  5543 
  5542 
  5541 
  5544 
  5546 
  5545 
  5547 
  5549 
  5550 
  5551 
  5552 
  5555 
  5556 
  5557 
  5558 
  5559 
  5562 
  5561 
  5560 
  5564 
  5563 
  5566 
  5565 
  5567 
  5570 
  5569 
  5571 
  5572 
  5573 
  5575 
  5574 
  5576 
  5578 
  5579 
  5580 
  5581 
  5582 
  5577 
  5583 
  5584 
  5585 
  5586 
  5587 
  5588 
  5590 
  5589 
  5591 
  5592 
  5593 
  5568 
  5594 
  5595 
  5596 
  5597 
  5624 
  5625 
  5598 
  5599 
  5600 
  5602 
  5601 
  5603 
  5604 
  5605 
  5607 
  5606 
  5608 
  5609 
  5610 
  5612 
  5611 
  5613 
  5617 
  5614 
  5616 
  5619 
  6367 
  5620 
  5621 
  5622 
  5623 
  5626 
  5627 
  5628 
  5629 
  5630 
  5631 
  5633 
  5635 
  5636 
  6517 
  5637 
  5640 
  5639 
  5638 
  5643 
  5642 
  5641 
  5644 
  5651 
  5645 
  5646 
  5647 
  5648 
  5649 
  5652 
  5650 
  5653 
  5654 
  5656 
  5655 
  5657 
  5658 
  5660 
  5659 
  5661 
  5662 
  5663 
  5664 
  5666 
  5665 
  5670 
  5669 
  5668 
  5667 
  5672 
  5671 
  5673 
  5674 
  5675 
  5678 
  5677 
  5676 
  5680 
  5679 
  5681 
  5683 
  5682 
  5684 
  5685 
  5686 
  5321 
  5689 
  5688 
  5687 
  5690 
  5692 
  5693 
  5691 
  5694 
  5695 
  5696 
  5697 
  5698 
  5699 
  5701 
  5700 
  5702 
  5703 
  5704 
  5706 
  5705 
  5707 
  5708 
  5709 
  5711 
  5710 
  5714 
  5713 
  5715 
  5716 
  5718 
  5717 
  5721 
  5720 
  5719 
  5722 
  5723 
  5724 
  5725 
  5726 
  5728 
  5729 
  5727 
  5730 
  5731 
  5732 
  5712 
  5733 
  5734 
  5736 
  5735 
  5737 
  5738 
  5739 
  5741 
  5740 
  5858 
  5742 
  5743 
  5744 
  5745 
  5747 
  5746 
  5748 
  5749 
  5750 
  5753 
  5752 
  5751 
  5757 
  5756 
  5755 
  5754 
  5760 
  5759 
  5758 
  5761 
  5764 
  5763 
  5762 
  5765 
  5766 
  5768 
  5767 
  5769 
  5770 
  5772 
  5771 
  5774 
  5773 
  5775 
  5776 
  5777 
  5780 
  5779 
  5778 
  5784 
  5783 
  5782 
  5781 
  5785 
  5787 
  5786 
  5788 
  5789 
  5795 
  5790 
  5791 
  5792 
  5793 
  5794 
  5796 
  5798 
  5797 
  5800 
  5799 
  5801 
  5802 
  5804 
  5803 
  5805 
  5806 
  5807 
  5808 
  5810 
  5809 
  5811 
  5812 
  5813 
  5814 
  5815 
  5816 
  5817 
  5818 
  5819 
  5820 
  5821 
  5822 
  5823 
  5824 
  5826 
  5825 
  5828 
  5827 
  5874 
  5830 
  5831 
  5832 
  5834 
  5833 
  5835 
  5836 
  5878 
  5838 
  5837 
  5459 
  5839 
  5844 
  5840 
  5846 
  5842 
  5841 
  5843 
  5845 
  5847 
  5848 
  5851 
  5850 
  5849 
  5852 
  5854 
  5855 
  5856 
  5857 
  5859 
  5861 
  5862 
  5860 
  5863 
  5864 
  5865 
  5866 
  5867 
  5868 
  5869 
  5870 
  6642 
  5873 
  5875 
  5872 
  5876 
  5877 
  5879 
  5880 
  5881 
  5882 
  5884 
  5883 
  5885 
  5887 
  5886 
  5888 
  5889 
  5890 
  5891 
  5892 
  5894 
  5893 
  5895 
  5897 
  5899 
  5901 
  5900 
  5898 
  5902 
  5904 
  5903 
  5905 
  5906 
  5907 
  6793 
  5908 
  5909 
  5910 
  5911 
  5912 
  5913 
  5914 
  5915 
  5896 
  5916 
  5917 
  5919 
  5918 
  5920 
  5921 
  5922 
  5923 
  5924 
  5926 
  5925 
  5928 
  5927 
  5929 
  5930 
  5937 
  5931 
  5932 
  5933 
  5934 
  5935 
  5936 
  5939 
  5938 
  5940 
  5941 
  5853 
  5942 
  5943 
  5944 
  5945 
  5946 
  5947 
  5948 
  4234 
  4235 
  4236 
 10767 
  4324 
  4237 
 10770 
  4239 
  4238 
  4240 
  4242 
  4241 
  4243 
 10773 
  4244 
  4245 
  4246 
  4248 
  4249 
  4251 
  4250 
  4252 
  4253 
  4517 
  4254 
  4257 
  4256 
  4255 
  4262 
  4261 
  4260 
  4259 
  4258 
 10847 
  4263 
  4264 
  4265 
  4266 
  4267 
  4270 
  4269 
  4268 
  4272 
  4271 
  4273 
  4276 
  4275 
  4274 
  4278 
  4277 
  4280 
  4279 
  4281 
  4283 
  4282 
  4284 
  4285 
  4287 
  4286 
  4288 
  4289 
  4290 
  4291 
  4292 
  4295 
  4294 
  4293 
  4296 
  4297 
  4300 
  4299 
  4298 
  4301 
  4302 
  4304 
  4303 
  4305 
  4307 
  4306 
  4310 
  4309 
  4308 
  4311 
  4312 
  4315 
  4314 
  4313 
  4316 
  4317 
  4318 
  4321 
  4320 
  4322 
  4323 
  4325 
  4319 
  4326 
  4327 
  4328 
  4329 
  4333 
  4330 
  4332 
  4331 
  4334 
  4335 
  4336 
  4338 
  4337 
  4340 
  4346 
  4341 
  4345 
  4342 
  4343 
  4344 
  4347 
  4348 
  4349 
  4341 
  4353 
  4352 
  4351 
  4354 
  4355 
  4356 
  4357 
  4358 
  4361 
  4360 
  4359 
  4364 
  4363 
  4362 
  4365 
  4366 
  4367 
  4369 
  4368 
  4370 
  4373 
  4372 
  4371 
  4374 
  4375 
  4339 
  4377 
  4376 
  4378 
  4380 
  4379 
  4381 
  4384 
  4383 
  4382 
  4386 
  4385 
  4387 
  4388 
  4390 
  4389 
  4391 
  4392 
  4394 
  4393 
  4395 
  4396 
  4397 
  4398 
  4399 
  4401 
  4400 
  4402 
  4403 
  4404 
  4405 
  4653 
  4406 
  4407 
  4408 
  4409 
  4411 
  4410 
  4413 
  4412 
  4414 
  4417 
  4416 
  4415 
  4419 
  4418 
  4421 
  4420 
  4425 
  4424 
  4423 
  4422 
  4426 
  4428 
  4427 
  4429 
  4431 
  4430 
  4432 
  4433 
  4434 
  4435 
  4436 
  4437 
  4438 
  4440 
  4439 
  4442 
  4441 
  4443 
  4444 
  4446 
  4445 
  4448 
  4447 
  4449 
  4450 
  4458 
  4451 
  4452 
  4453 
  4454 
  4455 
  4456 
  4457 
  4459 
  4826 
  4460 
  4462 
  4461 
  4463 
  4466 
  4465 
  4464 
  4467 
  4469 
  4472 
  4471 
  4470 
  4473 
  4468 
  4474 
  4475 
  4476 
  4477 
  4479 
  4478 
  4481 
  4480 
  4484 
  4483 
  4485 
  4486 
  4487 
  4482 
  4488 
  4572 
  4489 
  4490 
  4491 
  4494 
  4493 
  4492 
  4496 
  4495 
  4497 
  4498 
  4500 
  4499 
  4504 
  4503 
  4502 
  4501 
  4505 
  4506 
  4507 
  4508 
  4509 
  4511 
  4510 
  4514 
  4513 
  4512 
  4516 
  4515 
  4519 
  4518 
  4521 
  4520 
  4522 
  4600 
  4524 
  4525 
  4526 
  4527 
  4528 
  4529 
  4530 
  4531 
  4533 
  4534 
  4536 
  4537 
  4538 
  4539 
  4540 
  4541 
  4523 
  4532 
  4535 
  4542 
  4543 
  4544 
  4545 
  4546 
  4548 
  4547 
  4550 
  4549 
  4551 
  4552 
  4553 
  4554 
  4556 
  4555 
  4557 
  4558 
  4559 
  4560 
  4561 
  4563 
  4564 
  4567 
  4566 
  4565 
  4568 
  4570 
  4569 
  4571 
  4573 
  4575 
  4574 
  4576 
  4577 
  4579 
  4578 
  4581 
  4580 
  4583 
  4582 
  4585 
  4584 
  4586 
  4588 
  4590 
  4587 
  4589 
  4591 
  4592 
  4594 
  4593 
  4596 
  4595 
  4597 
  4981 
  4598 
  4599 
  4601 
  4603 
  4602 
  4604 
  4605 
  4606 
  4607 
  4608 
  4609 
  4610 
  4611 
  4612 
  4613 
  4615 
  4614 
  4616 
  4617 
  4619 
  4618 
  4620 
  4622 
  4625 
  4624 
  4627 
  4626 
  4629 
  4628 
  4630 
  4631 
  4632 
  4633 
  4634 
  4562 
  4635 
  4636 
  4637 
 10793 
  4638 
  4639 
  4641 
  4640 
  4642 
  4644 
  4643 
  4645 
  4646 
  4647 
  4648 
  4649 
  4650 
  4651 
  4652 
  4655 
  4654 
  4657 
  4658 
  4660 
  4659 
  4656 
  4661 
  4664 
  4665 
  4663 
  4662 
  4668 
  4669 
  4671 
  4670 
  4672 
  4673 
  4674 
  4675 
  4678 
  4676 
  4680 
  4679 
  4681 
  4683 
  4684 
  4687 
  4686 
  4685 
  4688 
  4690 
  4689 
  4691 
  4682 
  4692 
  4693 
  4694 
  4695 
  4623 
  4621 
  4696 
  4697 
  4698 
  4699 
  4700 
  4703 
  4702 
  4701 
  4705 
  4704 
  4707 
  4706 
  4708 
  4734 
  4710 
  4709 
  4711 
  4712 
  4713 
  4715 
  4714 
  4716 
  4722 
  4717 
  4718 
  4719 
  4720 
  4721 
  4723 
  4724 
  4725 
  4726 
  4727 
  4728 
  4730 
  4729 
  4731 
  4732 
  4733 
  4735 
  4736 
  4737 
  4738 
  4741 
  4742 
  4743 
  4745 
  4744 
  4746 
  4747 
  4748 
  4750 
  4749 
  4751 
  4752 
  4753 
  4755 
  4754 
  4756 
  4758 
 10831 
  4759 
  4757 
  4247 
  4760 
  4762 
  4763 
  4764 
  4765 
  4739 
  4740 
  4766 
  4767 
  4768 
  4769 
  4770 
  4771 
  4677 
  4772 
  6066 
  4773 
  4774 
  4776 
  4779 
  4778 
  4777 
  4782 
  4781 
  4780 
  4783 
  4785 
  4786 
  4787 
  4788 
  4789 
  4791 
  4784 
  4790 
  4792 
  4793 
  4795 
  4794 
  4796 
  4797 
  4799 
  4798 
  4800 
  4801 
  4802 
  4803 
  4805 
  4804 
  4809 
  4808 
  4807 
  4806 
  4811 
  4810 
  4812 
  4813 
  4814 
  4817 
  4816 
  4815 
  4819 
  4818 
  4820 
  4822 
  4821 
  4823 
  4824 
  4825 
  4829 
  4828 
  4827 
  4830 
  4833 
  4831 
  4832 
  4834 
  4835 
  4836 
  4837 
  4838 
  4839 
  4841 
  4840 
  4842 
  4843 
  4844 
  4846 
  4845 
  4847 
  4848 
  4849 
  4851 
  4850 
  4872 
  4853 
  4852 
  4854 
  4855 
  4857 
  4856 
  4860 
  4859 
  4858 
  4861 
  4862 
  4863 
  4864 
  4865 
  4868 
  4866 
  4867 
  4869 
  4870 
  4871 
  4873 
  4874 
  4876 
  4875 
  4877 
  4878 
  4879 
  4881 
  4880 
  4883 
  4884 
  4885 
  4886 
  4888 
  4887 
  4889 
  4890 
  4891 
  4894 
  4893 
  4892 
  4898 
  4897 
  4896 
  4895 
  4901 
  4900 
  4899 
  4902 
  4905 
  4904 
  4903 
  4906 
  4907 
  4909 
  4908 
  4910 
  4911 
  4913 
  4912 
  4915 
  4914 
  4916 
  4917 
  4918 
  4921 
  4920 
  4919 
  4925 
  4924 
  4923 
  4922 
  4926 
  4928 
  4927 
  4929 
  4930 
  4932 
  4933 
  4934 
  4935 
  4936 
  4931 
  4937 
  4939 
  4938 
  4941 
  4940 
  4942 
  4943 
  4945 
  4944 
  4946 
  4947 
  4948 
  4949 
  4951 
  4950 
  4952 
  4953 
  4954 
  4955 
  4956 
  4957 
  4958 
  4959 
  4960 
  4961 
  4962 
  4963 
  4964 
  4965 
  4967 
  4966 
  4969 
  4968 
  4970 
  4971 
  4972 
  4973 
  4975 
  4974 
  4976 
  4977 
  4980 
  4979 
  4982 
  4984 
  4987 
  4986 
  4988 
  4983 
  4989 
  4985 
  4990 
  4991 
  4994 
  4993 
  4992 
  4995 
  5082 
  4996 
  4997 
  4998 
  4999 
  4882 
  5000 
  5003 
  5001 
  5002 
  5004 
  5005 
  5006 
  5007 
  5008 
  5009 
  5010 
  5011 
  6207 
  5015 
  5013 
  4970 
  5014 
  5016 
  5017 
  4978 
  5018 
  5019 
  5020 
  5021 
  5023 
  5022 
  5024 
  5026 
  5025 
  5027 
  5028 
  5029 
  5030 
  5031 
  5033 
  5032 
  5034 
  5055 
  5035 
  5039 
  5036 
  5038 
  5037 
  5040 
  5042 
  5041 
  5043 
  5044 
  5045 
  5047 
  5048 
  5049 
  5050 
  5051 
  5052 
  5053 
  5054 
  5056 
  5057 
  5059 
  5058 
  5060 
  5061 
  5062 
  5063 
  5064 
  5066 
  5065 
  5068 
  5067 
  5069 
  5070 
  5072 
  5073 
  5074 
  5075 
  5076 
  5077 
  5071 
  5079 
  5078 
  5080 
  5081 
  5083 
  5084 
  5085 
  5086 
  5087 
  5088 
  5089 
  6353 
  6355 
  6354 
  6359 
  6358 
  6357 
  6356 
  6360 
  6361 
  6362 
  6363 
  6365 
  6364 
  6366 
  6368 
  6369 
  6370 
  6371 
  6373 
  6372 
  6374 
  6377 
  6376 
  6375 
  6379 
  6378 
  6380 
  6382 
  6381 
  6384 
  6383 
  6385 
  6386 
  6388 
  6387 
  6389 
  6391 
  6390 
  6394 
  6393 
  6392 
  6396 
  6395 
  6397 
  6398 
  6399 
  6400 
  6403 
  6402 
  6401 
  6404 
  6405 
  6406 
  6407 
  6409 
  6408 
  6410 
  6413 
  6412 
  6411 
  6414 
  6415 
  6416 
  6417 
  6418 
  6420 
  6419 
  6421 
  6422 
  6423 
  6424 
  6425 
  6426 
  6428 
  6427 
  6429 
  6430 
  6432 
  6431 
  6433 
  6434 
  6436 
  6437 
  6440 
  6439 
  6438 
  6442 
  6441 
  6443 
  6446 
  6445 
  6444 
  6448 
  6447 
  6449 
  6450 
  6451 
  6453 
  6452 
  6456 
  6457 
  6458 
  6454 
  6459 
  6455 
  6644 
  6471 
  6480 
  6460 
  6482 
  6060 
  6059 
  6539 
  6501 
  6500 
  6521 
  6502 
  5634 
  6503 
  6504 
  6505 
  6507 
  6506 
  6508 
  6510 
  6509 
  6512 
  6511 
  6513 
  6514 
  6515 
  6516 
  6518 
  6519 
  6520 
  6539 
  6522 
  6523 
  6525 
  6524 
  6529 
  6528 
  6527 
  6526 
  6531 
  6530 
  6532 
  6534 
  6533 
  6098 
  6535 
  6535 
  6540 
  6104 
  7701 
  6102 
  6105 
  7677 
  6541 
  6543 
  6542 
  6544 
  6545 
  6548 
  6547 
  6546 
  6552 
  6551 
  6550 
  6549 
  6553 
  6554 
  6556 
  6555 
  6558 
  6557 
  6559 
  6561 
  6560 
  6562 
  6563 
  6565 
  6564 
  6566 
  6567 
  6568 
  6570 
  6569 
  6571 
  6572 
  6574 
  6573 
  6578 
  6577 
  6576 
  6575 
  6580 
  6579 
  6581 
  6584 
  6583 
  6582 
  6585 
  6588 
  6587 
  6586 
  6589 
  6590 
  6592 
  6593 
  6597 
  6596 
  6595 
  6594 
  6599 
  6598 
  6600 
  6601 
  6602 
  6603 
  6604 
  6607 
  6606 
  6605 
  6591 
  6608 
  6609 
  6610 
  6611 
  6613 
  6612 
  6615 
  6614 
  6617 
  6616 
  6620 
  6619 
  6618 
  6435 
  6621 
  6623 
  6622 
  6626 
  6625 
  6624 
  6627 
  6628 
  6630 
  6629 
  6634 
  6631 
  6633 
  6632 
  6635 
  6636 
  6637 
  6638 
  6639 
  5871 
  6641 
  6640 
  6643 
  6658 
  6660 
  6659 
  6661 
  6662 
  6654 
  6464 
  6663 
  6462 
  6655 
  6664 
  6667 
  6666 
  6665 
  6657 
  6668 
  6670 
  6669 
  6672 
  6671 
  6676 
  6677 
  6678 
  6680 
  6679 
  6681 
  6682 
  6684 
  6683 
  6685 
  6686 
  6688 
  6687 
  6691 
  6690 
  6689 
  6693 
  6692 
  6694 
  6695 
  6697 
  6696 
  6698 
  6699 
  6702 
  6701 
  6700 
  6703 
  6704 
  6705 
  6706 
  6707 
  6708 
  6709 
  6711 
  6712 
  6713 
  6714 
  6715 
  6716 
  6717 
  6710 
  6718 
  6719 
  6720 
  6721 
  6722 
  6723 
  6724 
 10710 
  6725 
  6726 
  6727 
  6728 
  6729 
  6730 
  6731 
  6732 
  6675 
  6734 
  6733 
  6735 
  6736 
  6737 
  6738 
  6739 
  6740 
  6741 
  6645 
  6648 
  6742 
  6743 
  6744 
  6745 
  6746 
  6747 
  6748 
  6750 
  6749 
  6751 
  6753 
  6752 
  6755 
  6754 
  6756 
  6757 
  6758 
  6759 
  6760 
  6761 
  6762 
  6763 
  6765 
  6764 
  6766 
  6767 
  6769 
  6768 
  6770 
  6771 
  6773 
  6772 
  6775 
  6774 
  6776 
  6777 
  6778 
  6779 
  6780 
  6781 
  6782 
  6783 
  6784 
  6785 
  6786 
  6787 
  6788 
  6789 
  6790 
  6791 
  6792 
  6794 
  5949 
  5951 
  5950 
  5955 
  5954 
  5953 
  5952 
  5956 
  5957 
  5958 
  5959 
  5961 
  5960 
  5962 
  4761 
  5963 
  5964 
  5965 
  5966 
  5968 
  5967 
  5969 
  5972 
  5971 
  5970 
  5974 
  5973 
  5975 
  5977 
  5976 
  5979 
  5978 
  5980 
  5981 
  5983 
  5982 
  5984 
  5986 
  5985 
  5989 
  5988 
  5987 
  5991 
  5990 
  5992 
  5993 
  5994 
  5995 
  5998 
  5997 
  5996 
  5999 
  6000 
  6001 
  6002 
  6004 
  6003 
  6005 
  6008 
  6007 
  6006 
  6009 
  6010 
  6011 
  6012 
  6013 
  6015 
  6014 
  6016 
  6017 
  6018 
  6019 
  6020 
  6021 
  6023 
  6022 
  6024 
  6025 
  6027 
  6026 
  6028 
  6029 
  6187 
  6030 
  6031 
  6034 
  6033 
  6032 
  6036 
  6035 
  6037 
  6040 
  6039 
  6038 
  6042 
  6041 
  6043 
  6044 
  6045 
  6047 
  6046 
  6051 
  6053 
  6048 
  6049 
  6050 
  6052 
  6057 
  7712 
  6219 
  7713 
  6217 
  7715 
  7714 
  7716 
  7717 
  7718 
  7719 
  6055 
  7733 
  7721 
  7724 
  7723 
  7722 
  7725 
  7726 
  7727 
  6056 
  6481 
  6058 
  7732 
  7735 
  7736 
  7741 
  7742 
  7743 
  7748 
  7747 
  7749 
  7752 
  7751 
  7750 
  7758 
  7757 
  7764 
  7768 
  7769 
  6063 
  6062 
  6065 
  6067 
  6068 
  6069 
  6071 
  6070 
  6072 
  6074 
  6073 
  6076 
  6075 
  6077 
  6078 
  6079 
  6080 
  4775 
  6081 
  6082 
  6083 
  6064 
  6085 
  6086 
  6088 
  6087 
  6092 
  6091 
  6090 
  6089 
  6094 
  6093 
  6095 
  6097 
  6096 
  6100 
  6536 
  6274 
  6538 
  6084 
  6101 
  6107 
  6109 
  6108 
  6110 
  6111 
  6114 
  6113 
  6112 
  6118 
  6117 
  6116 
  6115 
  6119 
  6120 
  6122 
  6121 
  6124 
  6123 
  6125 
  6127 
  6126 
  6128 
  6129 
  6131 
  6130 
  6132 
  6133 
  6134 
  6136 
  6135 
  6137 
  6138 
  6140 
  6139 
  6144 
  6143 
  6142 
  6141 
  6146 
  6145 
  6147 
  6150 
  6149 
  6148 
  6151 
  6154 
  6153 
  6152 
  6155 
  6156 
  6173 
  6157 
  6158 
  6162 
  6161 
  6160 
  6159 
  6164 
  6163 
  6165 
  6166 
  6167 
  6168 
  6169 
  6172 
  6171 
  6170 
  6174 
  6175 
  6176 
  6177 
  6179 
  6178 
  6181 
  6180 
  6183 
  6182 
  6186 
  6185 
  6184 
  6188 
  6190 
  6189 
  6193 
  6192 
  6191 
  6194 
  6195 
  6197 
  6196 
  6199 
  6201 
  6200 
  6198 
  6202 
  6203 
  6204 
  6205 
  6206 
  6209 
  6208 
  5012 
  6210 
  6054 
  6299 
  7774 
  7773 
  6300 
  7775 
  7776 
  7777 
  7778 
  7779 
  6216 
  6220 
  7780 
  6225 
  6211 
  6213 
  6212 
  6214 
  6215 
  6218 
  6221 
  6224 
  6223 
  6222 
  6226 
  6228 
  6227 
  6230 
  6229 
  7781 
  7782 
  6289 
  6231 
  6232 
  6233 
  6235 
  6234 
  6236 
  6237 
  6239 
  6238 
  6240 
  6241 
  6243 
  6242 
  6246 
  6245 
  6244 
  6248 
  6247 
  6249 
  6250 
  6252 
  6251 
  6253 
  6254 
  6257 
  6256 
  6255 
  6258 
  6259 
  6260 
  6261 
  6262 
  6263 
  6264 
  6272 
  6265 
  6266 
  6267 
  6268 
  6269 
  6270 
  6271 
  6273 
  6274 
  6275 
  6276 
  6277 
  6278 
  6279 
  6281 
  6282 
  6283 
  6284 
  6285 
  6286 
  6287 
  6288 
  6291 
  6290 
  6292 
  6293 
  6294 
  6295 
  6296 
  6297 
  6298 
  6301 
  6302 
  6303 
  6304 
  6305 
  6306 
  6307 
  6309 
  6308 
  6310 
  6312 
  6311 
  6314 
  6313 
  6315 
  6316 
  6317 
  6318 
  6319 
  6320 
  6321 
  6322 
  6324 
  6323 
  6325 
  6326 
  6328 
  6327 
  6329 
  6330 
  6332 
  6331 
  6334 
  6333 
  6335 
  6336 
  6337 
  6338 
  6339 
  6340 
  6341 
  6342 
  6343 
  6344 
  6345 
  6346 
  6347 
  6348 
  6349 
  6350 
  6351 
  5046 
  6352 
  7244 
  7247 
  7246 
  7245 
  7252 
  7251 
  7250 
  7249 
  7248 
  7253 
  7255 
  7254 
  7256 
  7257 
  7258 
  7260 
  7259 
  7264 
  7263 
  7262 
  7261 
  7265 
  7268 
  7267 
  7266 
  7270 
  7269 
  7271 
  7274 
  7273 
  7272 
  7276 
  7275 
  7278 
  7277 
  7279 
  7280 
  7283 
  7282 
  7281 
  7285 
  7284 
  7286 
  7288 
  7287 
  7289 
  7292 
  7291 
  7290 
  7293 
  7295 
  7294 
  7297 
  7296 
  7299 
  7298 
  7300 
  7302 
  7301 
  7306 
  7305 
  7304 
  7303 
  7308 
  7307 
  7312 
  7311 
  7310 
  7309 
  7313 
  7316 
  7315 
  7314 
  7317 
  7319 
  7318 
  7321 
  7320 
  7322 
  7324 
  7323 
  7329 
  7328 
  7327 
  7326 
  7325 
  7330 
  7331 
  7332 
  7334 
  7333 
  7335 
  7336 
  7337 
  7338 
  7341 
  7340 
  7339 
  7345 
  7344 
  7343 
  7342 
  7346 
  7349 
  7348 
  7347 
  7350 
  7352 
  7351 
  7353 
  7354 
  7356 
  7355 
  7360 
  7359 
  7358 
  7357 
  7361 
  7364 
  7363 
  7362 
  7366 
  7365 
  7368 
  7367 
  7369 
  7370 
  7372 
  7371 
  7374 
  7373 
  7375 
  7377 
  7376 
  7378 
  7379 
  7391 
  7381 
  7382 
  7384 
  7383 
  7385 
  7387 
  7386 
  7390 
  7389 
  7388 
  7392 
  7380 
  7393 
  7394 
  7395 
  7396 
  7398 
  7397 
  7399 
  7400 
  7513 
  7401 
  7402 
  7404 
  7403 
  7405 
  7406 
  7407 
  7408 
  7409 
  7410 
  7411 
  7413 
  7412 
  7415 
  7414 
  7416 
  7418 
  7417 
  7419 
  7420 
  7421 
  7423 
  7422 
  7424 
  7425 
  7426 
  7427 
  7428 
  7430 
  7429 
  7432 
  7431 
  7433 
  7434 
  7435 
  7436 
  7437 
  7439 
  7438 
  7440 
  7441 
  7442 
  7443 
  7446 
  7445 
  7444 
  7447 
  7450 
  7449 
  7448 
  7455 
  7454 
  7453 
  7452 
  7451 
  7457 
  7456 
  7458 
  7459 
  7460 
  7462 
  7461 
  7463 
  7465 
  7464 
  7467 
  7466 
  7468 
  7469 
  7472 
  7471 
  7470 
  7474 
  7473 
  7475 
  7478 
  7477 
  7476 
  7479 
  7480 
  7499 
  7500 
  7501 
  7502 
  7503 
  7506 
  7505 
  7504 
  7482 
  7484 
  7486 
  7507 
  7508 
  7497 
  7509 
  7510 
  7511 
  7545 
  7516 
  7514 
  7519 
  7518 
  7520 
  7521 
  7523 
  7522 
  7524 
  7546 
  7526 
  7525 
  7528 
  7527 
  7530 
  7529 
  7532 
  7531 
  7533 
  7535 
  7534 
  7536 
  7538 
  7539 
  7553 
  7552 
  7547 
  7555 
  7079 
  7556 
  7081 
  7558 
  7559 
  7084 
  7085 
  7560 
  7562 
  7565 
  7564 
  7563 
  7568 
  7567 
  7566 
  7571 
  7570 
  7569 
  7572 
  7575 
  7574 
  7573 
  7577 
  7576 
  7578 
  7579 
  7580 
  7582 
  7581 
  7586 
  7585 
  7584 
  7583 
  7588 
  7587 
  7592 
  7591 
  7590 
  7589 
  7594 
  7593 
  7598 
  7597 
  7596 
  7595 
  7599 
  7601 
  7600 
  7605 
  7604 
  7603 
  7602 
  7607 
  7606 
  7611 
  7610 
  7609 
  7608 
  7613 
  7612 
  7617 
  7616 
  7615 
  7614 
  7619 
  7618 
  7620 
  7622 
  7621 
  7623 
  7624 
  7626 
  7625 
  7627 
  7628 
  7629 
  7630 
  7631 
  7632 
  7633 
  7634 
  7635 
  7637 
  7636 
  7638 
  7640 
  7639 
  7641 
  7643 
  7642 
  7645 
  7644 
  7646 
  7648 
  7647 
  7649 
  7650 
  7651 
  7653 
  7652 
  7654 
  7656 
  7655 
  7658 
  7657 
  7659 
  7660 
  7661 
  7662 
  7554 
  1383 
  7663 
  7665 
  7664 
  7666 
  7667 
  7669 
  7668 
  7671 
  7670 
  7673 
  7672 
  7674 
  7202 
  7203 
  7676 
  7675 
  7679 
  7678 
  7677 
  7680 
  7681 
  7682 
  7683 
  7684 
  7685 
  7687 
  7686 
  7688 
  7689 
  7692 
  7691 
  7690 
  7693 
  7695 
  7694 
  7696 
  7699 
  7698 
  7697 
  7700 
  7702 
  7705 
  7704 
  7706 
  7707 
  7235 
  7236 
  7237 
  7238 
  7239 
  7709 
  7241 
  7242 
  7710 
  6795 
  6798 
  6797 
  6796 
  6803 
  6802 
  6801 
  6800 
  6799 
  6804 
  6806 
  6805 
  6807 
  6808 
  6809 
  6811 
  6810 
  6815 
  6814 
  6813 
  6812 
  6816 
  6819 
  6818 
  6817 
  6821 
  6820 
  6822 
  6825 
  6824 
  6823 
  6827 
  6826 
  6829 
  6828 
  6830 
  6831 
  6834 
  6833 
  6832 
  6836 
  6835 
  6837 
  6839 
  6838 
  6840 
  6843 
  6842 
  6841 
  6844 
  6846 
  6845 
  6848 
  6847 
  6850 
  6849 
  6851 
  6853 
  6852 
  6857 
  6856 
  6855 
  6854 
  6859 
  6858 
  6863 
  6862 
  6861 
  6860 
  6864 
  6867 
  6866 
  6865 
  6868 
  6870 
  6869 
  6872 
  6871 
  6873 
  6875 
  6874 
  6880 
  6879 
  6878 
  6877 
  6876 
  6881 
  6882 
  6883 
  6885 
  6884 
  6886 
  6887 
  6888 
  6889 
  6892 
  6891 
  6890 
  6896 
  6895 
  6894 
  6893 
  6897 
  6900 
  6899 
  6898 
  6901 
  6903 
  6902 
  6904 
  6905 
  6907 
  6906 
  6911 
  6910 
  6909 
  6908 
  6912 
  6915 
  6914 
  6913 
  6917 
  6916 
  6919 
  6918 
  6920 
  6921 
  6923 
  6922 
  6925 
  6924 
  6926 
  6928 
  6927 
  6929 
  6930 
  6943 
  6932 
  6933 
  6935 
  6934 
  6936 
  6938 
  6937 
  6941 
  6940 
  6939 
  6931 
  6942 
  6944 
  6945 
  6946 
  6947 
  6949 
  6948 
  6950 
  6951 
  6953 
  6954 
  6956 
  6955 
  6957 
  6958 
  6959 
  6960 
  6961 
  6962 
  6963 
  6965 
  6964 
  6967 
  6966 
  6968 
  6970 
  6969 
  6971 
  6972 
  6973 
  6975 
  6974 
  6976 
  6977 
  6978 
  6979 
  6980 
  6982 
  6981 
  6984 
  6983 
  6985 
  6986 
  6987 
  6988 
  6989 
  6991 
  6990 
  6992 
  6993 
  6994 
  6995 
  6998 
  6997 
  6996 
  6999 
  7002 
  7001 
  7000 
  7007 
  7006 
  7005 
  7004 
  7003 
  7009 
  7008 
  7010 
  7011 
  7012 
  7014 
  7013 
  7015 
  7017 
  7016 
  7019 
  7018 
  7020 
  7021 
  7024 
  7023 
  7022 
  7026 
  7025 
  7027 
  7030 
  7029 
  7028 
  7031 
  7032 
  7807 
  7041 
  7809 
  7042 
  7810 
  7043 
  7812 
  7811 
  7813 
  7816 
  7815 
  7814 
  7817 
  7818 
  7819 
  7820 
  7046 
  7821 
  7033 
  7034 
  7035 
  7036 
  7037 
  7040 
  7039 
  7038 
  7044 
  7045 
  7047 
  7048 
  7049 
  7822 
  6952 
  7052 
  7823 
  7051 
  7824 
  7054 
  7053 
  7055 
  7056 
  7058 
  7057 
  7059 
  7062 
  7061 
  7064 
  7063 
  7066 
  7065 
  7068 
  7067 
  7069 
  7071 
  7070 
  7072 
  7825 
  7073 
  7074 
  7826 
  7827 
  7828 
  7829 
  2072 
  7050 
  7060 
  7077 
  7831 
  7830 
  7832 
  7833 
  7076 
  7075 
  7188 
  7078 
  7080 
  7078 
  7082 
  7083 
  7086 
  7561 
  7087 
  7090 
  7089 
  7088 
  7093 
  7092 
  7091 
  7096 
  7095 
  7094 
  7097 
  7100 
  7099 
  7098 
  7102 
  7101 
  7103 
  7104 
  7105 
  7107 
  7106 
  7111 
  7110 
  7109 
  7108 
  7113 
  7112 
  7117 
  7116 
  7115 
  7114 
  7119 
  7118 
  7123 
  7122 
  7121 
  7120 
  7124 
  7126 
  7125 
  7130 
  7129 
  7128 
  7127 
  7132 
  7131 
  7136 
  7135 
  7134 
  7133 
  7138 
  7137 
  7142 
  7141 
  7140 
  7139 
  7144 
  7143 
  7145 
  7147 
  7146 
  7148 
  7149 
  7151 
  7150 
  7152 
  7153 
  7154 
  7155 
  7156 
  7157 
  7158 
  7159 
  7160 
  7162 
  7161 
  7163 
  7165 
  7164 
  7166 
  7168 
  7167 
  7170 
  7169 
  7171 
  7173 
  7172 
  7174 
  7175 
  7176 
  7178 
  7177 
  7179 
  7181 
  7180 
  7183 
  7182 
  7184 
  7185 
  7186 
  7187 
  7190 
  7192 
  7191 
  7193 
  7194 
  7196 
  7195 
  7198 
  7197 
  7200 
  7199 
  7201 
  7205 
  7204 
  7208 
  7207 
  7206 
  7209 
  7210 
  7211 
  7212 
  7213 
  7214 
  7216 
  7215 
  7217 
  7218 
  7221 
  7220 
  7219 
  7222 
  7224 
  7223 
  7225 
  7228 
  7227 
  7226 
  7229 
  6103 
  7230 
  6105 
  7232 
  7231 
  7233 
  7234 
  7708 
  7240 
  7243 
  7783 
  6461 
  6463 
  6466 
  6465 
  6467 
  6468 
  6469 
  6470 
  7784 
  6473 
  6476 
  6475 
  6474 
  6477 
  6478 
  6479 
  7728 
  7785 
  7786 
  7787 
  6483 
  6472 
  7788 
  6484 
  6485 
  7789 
  7790 
  7791 
  7740 
  6486 
  6487 
  6488 
  7792 
  7793 
  7794 
  6490 
  6489 
  6491 
  6494 
  6493 
  6492 
  7795 
  7798 
  7797 
  7796 
  6496 
  6495 
  7799 
  7760 
  7761 
  7761 
  7800 
  6497 
  7801 
  7802 
  7803 
  6498 
  6499 
  7805 
  7804 
  7806 
  6647 
  6646 
  6649 
  6650 
  6651 
  6652 
  6653 
  6656 
  6673 
  6674 
  7711 
  7720 
  7729 
  7730 
  7731 
  7734 
  7737 
  7738 
  7739 
  7744 
  7745 
  7746 
  7753 
  7756 
  7755 
  7754 
  7759 
  7763 
  7765 
  7766 
  7767 
  7771 
  7770 
  7772 
  7481 
  1289 
  7483 
  7485 
  7488 
  7487 
  7489 
  7492 
  7491 
  7490 
  7493 
  7494 
  7495 
  7496 
  7498 
  7512 
  7515 
  7517 
  7537 
  7540 
  7541 
  7542 
  7543 
  7549 
  7548 
  7550 
  7551 
  7835 
  7834 
  7837 
  7836 
  7838 
  7851 
  7852 
  7841 
  7854 
  7855 
  7844 
  7856 
  7857 
  7858 
  7859 
  7853 
  7836 
  7839 
  7840 
  7849 
  7842 
  7843 
  7845 
  7846 
  7847 
  7848 
  7953 
  7907 
  7909 
  7908 
  7912 
  7911 
  7910 
  7913 
  7915 
  7914 
  7916 
  7940 
  7918 
  7920 
  7919 
  7921 
  7922 
  7923 
  7924 
  7925 
  7926 
  7927 
  7928 
  7929 
  7930 
  7931 
  7917 
  7932 
  7933 
  7934 
  7935 
  9513 
  9512 
  7938 
  7937 
  7936 
  7939 
  7941 
  7942 
  7943 
  7945 
  7944 
  7946 
  7948 
  7950 
  7951 
  7952 
  7861 
  7863 
  7862 
  7866 
  7865 
  7864 
  7867 
  7869 
  7868 
  7870 
  7886 
  7872 
  7874 
  7873 
  7875 
  7876 
  7877 
  7878 
  7879 
  7880 
  7881 
  7882 
  7883 
  7884 
  7885 
  7887 
  7888 
  7889 
  7890 
  7895 
  7894 
  7893 
  7896 
  7871 
  7897 
  7898 
  7899 
  7901 
  7900 
  7902 
  7954 
  7903 
  7955 
  7904 
  7905 
  7906 
  7860 
  7947 
  7949 
  8434 
  8500 
  8435 
  8436 
  8437 
  8438 
  8444 
  8447 
  8440 
  8442 
  8441 
  8443 
  8445 
  8446 
  8470 
  8622 
  8448 
  8449 
  8451 
  8452 
  8453 
  8535 
  8467 
  8454 
  8455 
  8456 
  8457 
  8458 
  8459 
  8461 
  8460 
  8450 
  8462 
  8463 
  8464 
  8465 
  8543 
  8466 
  8469 
  8471 
  8473 
  8472 
  8475 
  8439 
  8474 
  8476 
  8477 
  8478 
  8479 
  8480 
  8481 
  8482 
  8483 
  8484 
  8485 
  8486 
  8487 
  8488 
  8503 
  8490 
  8491 
  8492 
  8493 
  8494 
  8495 
  8496 
  8498 
  8497 
  8499 
  8501 
  8502 
  8504 
  8489 
  8505 
  8506 
  8507 
  8508 
  8510 
  8509 
  8511 
  8512 
  8513 
  8514 
  8515 
  8516 
  8519 
  8518 
  8517 
  8520 
  8521 
  8522 
  8523 
  8524 
  8525 
  8526 
  8527 
  8529 
  8532 
  8750 
  8531 
  8533 
  8534 
  8542 
  8552 
  8588 
  8536 
  8537 
  8538 
  8539 
  8541 
  8544 
  8545 
  8547 
  8546 
  8625 
  8540 
  8549 
  8550 
  8551 
  8553 
  8554 
  8555 
  8556 
  8557 
  8558 
  8559 
  8560 
  8561 
  8562 
  8563 
  8564 
  8566 
  8565 
  8570 
  8571 
  8572 
  8573 
  8574 
  8575 
  8576 
  8674 
  8577 
  8578 
  8579 
  8581 
  8580 
  8582 
  8583 
  8584 
  8611 
  8585 
  8586 
  8587 
  8595 
  8589 
  8590 
  8591 
  8592 
  8593 
  8569 
  8567 
  8596 
  8530 
  8597 
  8598 
  8601 
  8600 
  8599 
  8607 
  8603 
  8604 
  8605 
  8606 
  8468 
  8608 
  8609 
  8610 
  8612 
  8614 
  8615 
  8616 
  8617 
  8618 
  8619 
  8620 
  8621 
  8623 
  8624 
  8626 
  8640 
  8629 
  8627 
  8628 
  8631 
  8630 
  8632 
  8633 
  8634 
  8548 
  8636 
  8635 
  8637 
  8613 
  8638 
  8639 
  8641 
  8642 
  8643 
  8433 
  8644 
  8646 
  8645 
  8647 
  8648 
  8649 
  8650 
  8528 
  8652 
  8653 
  8654 
  8655 
  8656 
  8659 
  8660 
  8662 
  8661 
  8673 
  8663 
  8658 
  8664 
  8665 
  8666 
  8668 
  8669 
  8670 
  8671 
  8672 
  8568 
  8675 
  8681 
  8677 
  8678 
  8679 
  9092 
  8680 
  8843 
  8682 
  8685 
  8683 
  8687 
  8823 
  8688 
  8689 
  8691 
  8691 
  8690 
  8693 
  8692 
  8694 
  8695 
  8696 
  8697 
  8699 
  8698 
 10715 
  8701 
  8702 
 10760 
  8703 
  8705 
  8706 
  8708 
  8709 
  8710 
  8711 
  8712 
  8714 
  8713 
  8733 
  8715 
  8716 
  8717 
  8718 
  8719 
  8720 
  8721 
  8722 
  8723 
  8724 
  8725 
  8727 
  8728 
  8730 
  8729 
  8731 
  8732 
  8735 
  8736 
  8734 
  8737 
  8738 
  8739 
  8740 
  8741 
  8742 
  8743 
  8744 
  8745 
  8594 
  8676 
  8651 
  8746 
  8748 
  8747 
  8837 
  8751 
  8752 
  8753 
  8754 
  8755 
  8756 
  8757 
  8758 
  8759 
  8760 
  8761 
  8762 
  8764 
  8763 
  9045 
  8765 
  8766 
  8767 
  8768 
  8769 
  8777 
  8770 
  8772 
  8771 
  8772 
  8774 
  8773 
  8825 
  8776 
  8778 
  8795 
  8779 
  8781 
  8827 
  8775 
  8782 
  8783 
  8784 
  8801 
  8784 
  8786 
  8787 
  8789 
  8788 
  8790 
  8791 
  8796 
  8785 
  8795 
  8794 
  8798 
  8797 
  8799 
  8800 
  8802 
  8803 
  8805 
  8793 
  8806 
  8657 
  8807 
  8809 
  8808 
  8749 
  8810 
  8811 
  8812 
  8602 
  8813 
  8814 
  8815 
  8816 
  8817 
  8818 
  8820 
  8819 
  8821 
  8822 
  8824 
  8826 
  8828 
  8845 
  8829 
  8830 
  8832 
  9094 
  8834 
  8833 
  8835 
  8836 
  8838 
  8839 
  8840 
  8841 
  8842 
  8844 
  8707 
  8846 
  8847 
  8848 
  8849 
  8850 
  8851 
  8852 
  8854 
  8853 
  8855 
  8856 
  8704 
  8868 
  8858 
  8898 
  8860 
  8897 
  8861 
  8862 
  8899 
  8863 
  8867 
  8869 
  8870 
  8871 
  8872 
  8873 
  8874 
  8875 
  8893 
  8859 
  8876 
  8878 
  8889 
  8894 
  8880 
  8881 
  8882 
  8883 
  8900 
  8884 
  8865 
  8885 
  8886 
  8890 
  8903 
  8887 
  8888 
  8879 
  8891 
  8895 
  8892 
  8877 
  8896 
  8667 
  8901 
  8864 
  8902 
  8901 
  8905 
  8906 
  8908 
  8907 
  8909 
  8910 
  8164 
  7956 
  7958 
  7959 
  7960 
  7961 
  7999 
  7964 
  7966 
  7965 
  7967 
  7962 
  7968 
  7969 
  7963 
  7972 
  7973 
  7987 
  7974 
  7975 
  7976 
  7979 
  7980 
  7981 
  7982 
  7983 
  7984 
  7986 
  7985 
  7988 
  7989 
  7990 
  7991 
  7993 
  7978 
  8129 
  7994 
  7970 
  7995 
  7997 
  7996 
  8000 
  7998 
  8001 
  8002 
  8003 
  8004 
  8005 
  8006 
  8007 
  8008 
  8009 
  8010 
  8011 
  8012 
  8013 
  8028 
  8015 
  8016 
  8017 
  8018 
  8019 
  8020 
  8021 
  8023 
  8022 
  8024 
  7957 
  8025 
  8026 
  8014 
  8027 
  8029 
  8030 
  8031 
  8032 
  8034 
  8033 
  8035 
  8036 
  8037 
  8038 
  8039 
  8040 
  8043 
  8042 
  8041 
  8044 
  8045 
  8046 
  8047 
  8048 
  8049 
  8050 
  8051 
  8172 
  8052 
  8118 
  8055 
  8053 
  8056 
  8057 
  7977 
  8061 
  8062 
  8063 
  8064 
  8071 
  8065 
  8058 
  7992 
  8066 
  8067 
  8069 
  8068 
  8154 
  8072 
  8073 
  8074 
  8059 
  8075 
  8076 
  8077 
  8078 
  8079 
  8080 
  8081 
  8082 
  8083 
  8084 
  8085 
  8086 
  8088 
  8087 
  8116 
  8193 
  8115 
  8089 
  8090 
  8091 
  8092 
  8093 
  8094 
  8095 
  8097 
  8098 
  8099 
  8101 
  8100 
  8102 
  8103 
  8104 
  8106 
  8107 
  8108 
  8060 
  8110 
  8111 
  8112 
  8113 
  8114 
  8264 
  8109 
  8117 
  8119 
  8120 
  8123 
  8122 
  8121 
  8338 
  8125 
  8126 
  8127 
  8128 
  8124 
  8130 
  8131 
  8132 
  8105 
  8133 
  8158 
  8134 
  8135 
  8136 
  8137 
  8138 
  8139 
  8140 
  8141 
  7971 
  8142 
  8143 
  8070 
  8144 
  8147 
  8148 
  8146 
  8150 
  8149 
  8151 
  8152 
  8153 
  8156 
  8155 
  8157 
  8159 
  8160 
  8145 
  8161 
  8162 
  8163 
  8165 
  8167 
  8166 
  8168 
  8169 
  8170 
  8171 
  8266 
  8173 
  8174 
  8175 
  8176 
  8177 
  8330 
  8184 
  8178 
  8179 
  8181 
  8180 
  8183 
  8185 
  8186 
  8187 
  8422 
  8188 
  8189 
  8190 
  8191 
  8192 
  8182 
  8096 
  8194 
  8265 
  8196 
  8197 
  8198 
  8200 
  8195 
  8202 
  8204 
  8202 
  8203 
  9076 
  8205 
  8207 
  8208 
  8211 
  8210 
  8213 
  8212 
  8214 
  8215 
  8216 
  8217 
  8219 
  8218 
 10759 
  8221 
  8222 
  8224 
  8379 
  8225 
  8226 
  8367 
  8227 
  8228 
  8229 
  8230 
  8231 
  8233 
  8232 
  8235 
  8236 
  8237 
  8238 
  8239 
  8240 
  8241 
  8242 
  8243 
  8244 
  8245 
 10742 
  8246 
  8247 
  8249 
  8248 
  8250 
  8251 
  8234 
  8254 
  8252 
  8253 
  8255 
  8256 
  8257 
  8258 
  8259 
  8260 
  8261 
  8262 
  8263 
  8267 
  8269 
  8268 
  8334 
  8054 
  8271 
  8272 
  8273 
  8274 
  8275 
  8276 
  8277 
  8278 
  8279 
  8280 
  8281 
  8282 
  8284 
  8283 
  8286 
  8287 
  8288 
  8289 
  8290 
  8292 
  8294 
  8295 
  8297 
  8296 
  8305 
  8299 
  8291 
  8300 
  8302 
 10743 
  8303 
  8306 
  8307 
  8308 
  8318 
  8311 
  8312 
  8314 
  8313 
  8315 
  8316 
 10744 
  8328 
  8320 
  8301 
  8317 
  8322 
  8321 
  8323 
  8324 
  8309 
  8325 
  8326 
  8324 
  8327 
  8329 
  8331 
  8333 
  8332 
  8335 
  8336 
  8337 
  8339 
  8340 
  8341 
  8342 
  8343 
  8344 
  8346 
  8345 
  8347 
  8348 
  8206 
  8349 
  8298 
  8350 
  8304 
  8351 
  8353 
  8354 
  9077 
  8355 
  8358 
  8357 
  8359 
  8360 
  8270 
  8361 
  8362 
  8363 
  8364 
  8365 
  8201 
  8366 
  8352 
  8368 
  8369 
  8370 
  8371 
  8372 
  8373 
  8374 
  8376 
  8375 
  8377 
  8378 
  8380 
  8381 
  8398 
  8383 
  8385 
  8386 
  8388 
  8424 
  8409 
  8391 
  8389 
  8380 
  8390 
  8391 
  8392 
  8393 
  8394 
  8395 
  8396 
  8399 
  8420 
  8400 
  8416 
  8403 
  8404 
  8405 
  8406 
  8408 
  8410 
  8411 
  8414 
  8415 
  8401 
  8412 
  8417 
  8419 
  8397 
  8402 
  8418 
  8421 
  8384 
  8382 
  8387 
  8407 
  8423 
  8425 
  8413 
 10765 
  8427 
  8428 
  8430 
  8429 
  8431 
  8432 
  8979 
  8980 
  8981 
  8982 
  8983 
  8984 
  8985 
  8986 
  8988 
  8987 
  8989 
  8991 
  8990 
  8992 
  8993 
  8995 
 10751 
  8987 
  8996 
  8997 
  8999 
  9002 
  9003 
  9001 
  9004 
  9006 
  9005 
  9008 
  9009 
  9011 
  9010 
  9019 
  9013 
  9012 
 10762 
  9020 
  9016 
  9018 
  9017 
  9021 
  9022 
  9023 
  9024 
  9025 
  9026 
  9027 
  9028 
  9030 
  9031 
  9007 
  9033 
  9000 
  9035 
  9034 
  8990 
  9036 
  9043 
  9037 
  9038 
  9040 
  9039 
  9041 
  9042 
  9044 
  8998 
  9047 
  9046 
  9048 
  8911 
  8912 
  8913 
  8914 
  8915 
  8916 
  8917 
  8918 
  8920 
  8919 
  8921 
  8923 
  8922 
  8924 
  8925 
  8924 
  8926 
  8929 
  8930 
  8975 
  8931 
  8962 
  8934 
  8932 
  8933 
  8935 
  8937 
  8936 
  8960 
  8938 
  8939 
  8941 
  8940 
  8944 
  8943 
  8944 
  8945 
  8947 
  8949 
  8948 
  8949 
  8946 
  8950 
  8951 
  8952 
  8953 
  8954 
  8955 
  8956 
  8957 
  8944 
  8958 
  8959 
  8923 
  8961 
  8964 
  8963 
  8966 
  8968 
  8969 
  8971 
  8970 
  8972 
  8973 
  8967 
  8974 
  8285 
  8977 
  8976 
  8978 
  9082 
  9089 
  9083 
  9084 
  9087 
  9086 
  9088 
  9091 
 10757 
  9090 
  9093 
  9095 
  9096 
  9098 
  9103 
  9097 
  9099 
  9100 
  9102 
  9104 
  9105 
  9106 
  8682 
 10758 
 10755 
  9107 
 10755 
  8686 
  8831 
  9109 
  9110 
  9111 
  9101 
  9049 
  9051 
  9052 
  9053 
  9054 
  9053 
  9055 
  9050 
  9058 
  9056 
  8199 
  9059 
  8356 
  9060 
  9061 
  9064 
  9062 
  9065 
  9066 
  9081 
  9067 
  9063 
  9068 
  9069 
  9070 
  9074 
  9072 
  9078 
  9079 
  9080 
  9129 
  9130 
  9131 
  9132 
  9888 
  9133 
  9134 
  9135 
  9136 
  9137 
  9138 
  9139 
  9140 
  9141 
  9142 
  9144 
  9143 
  9112 
  9113 
  9114 
  9115 
  9117 
  9118 
  9119 
  9120 
  9121 
  9122 
  9123 
  9124 
  9125 
  9126 
  9128 
  9127 
  9160 
  9158 
  9147 
  9159 
  9147 
  9161 
  9162 
  9163 
  9153 
  9164 
  9155 
  9156 
  9182 
  9146 
  9148 
  9145 
  9150 
  9151 
  9152 
  9154 
  9166 
  9165 
   239 
  9169 
  9168 
  9178 
  9179 
  9180 
  9181 
  9182 
  9183 
  9185 
  9184 
  9170 
  9171 
  9172 
  9173 
  9174 
  9175 
  9177 
  9176 
  9187 
  9186 
 10366 
  9238 
  9241 
  9240 
  9239 
  9246 
  9245 
  9244 
  9243 
  9242 
  9247 
  9250 
  9249 
  9248 
  9252 
  9251 
  9204 
  9205 
  9254 
  9253 
  9208 
  9255 
  9257 
 10633 
  9258 
  9260 
  9259 
  9262 
  9261 
  9263 
  9264 
  9265 
  9266 
  9267 
  9270 
  9269 
  9268 
  9275 
  9274 
  9273 
  9272 
  9271 
  9277 
  9276 
  9279 
  9278 
  9280 
  9282 
  9281 
  9283 
  9189 
  9192 
  9191 
  9190 
  9197 
  9196 
  9195 
  9194 
  9193 
  9198 
  9201 
  9200 
  9199 
  9203 
  9202 
  9207 
  9206 
  9209 
  9694 
  9210 
  9212 
  9214 
  9213 
  9216 
  9215 
  9217 
  9218 
  9219 
  9220 
  9221 
  9224 
  9223 
  9222 
  9229 
  9228 
  9227 
  9226 
  9225 
  9231 
  9230 
  9233 
  9232 
  9234 
  9236 
  9235 
  9237 
  9385 
  9388 
  9387 
  9386 
  9390 
  9389 
  9391 
  9394 
  9393 
  9392 
  9399 
  9398 
  9397 
  9396 
  9395 
  9401 
  9400 
  9403 
  9402 
  9405 
  9404 
  9407 
  9406 
  9409 
  9408 
  9411 
  9410 
  9311 
  9312 
  9313 
  9314 
  9413 
  9412 
  9415 
  9414 
  9416 
  9320 
  9419 
  9418 
  9417 
  9324 
  9421 
  9420 
  9423 
  9422 
  9424 
  9426 
  9425 
  9332 
  9427 
  9428 
  9335 
  9430 
  9429 
  9338 
  9432 
  9431 
  9434 
  9433 
  9343 
  9435 
  9438 
  9437 
  9436 
  9439 
  9442 
  9441 
  9440 
  9446 
  9445 
  9444 
  9443 
  9448 
  9447 
  9449 
  9450 
  9452 
  9451 
  9454 
  9453 
  9455 
  9456 
  9457 
  9458 
  9459 
  9460 
  9462 
  9461 
  9463 
  9464 
  9465 
  9466 
  9467 
  9468 
  9470 
  9469 
  9471 
  9473 
  9472 
  9474 
  9475 
  9284 
  9287 
  9286 
  9285 
  9289 
  9288 
  9290 
  9293 
  9292 
  9291 
  9298 
  9297 
  9296 
  9295 
  9294 
  9300 
  9299 
  9302 
  9301 
  9304 
  9303 
  9306 
  9305 
  9308 
  9307 
  9310 
  9309 
  9316 
  9315 
  9318 
  9317 
  9319 
  9323 
  9322 
  9321 
  9326 
  9325 
  9328 
  9327 
  9329 
  9331 
  9330 
  9333 
  9334 
  9337 
  9336 
  9340 
  9339 
  9342 
  9341 
  9344 
  9347 
  9346 
  9345 
  9348 
  9351 
  9350 
  9349 
  9355 
  9354 
  9353 
  9352 
  9357 
  9356 
  9358 
  9359 
  9361 
  9360 
  9363 
  9362 
  9364 
  9365 
  9366 
  9367 
  9368 
  9369 
  9371 
  9370 
  9372 
  9373 
  9374 
  9375 
  9376 
  9377 
  9379 
  9378 
  9380 
  9382 
  9381 
  9383 
  9384 
  9484 
  9483 
  9482 
  9485 
  9486 
  9487 
  9478 
  9477 
  9476 
  9479 
  9480 
  9481 
  9500 
  9501 
  9502 
  9503 
  9504 
  9505 
  9506 
  9507 
  9509 
  9510 
  9511 
  9508 
  9488 
  9489 
  9490 
  9491 
  9492 
  9493 
  9494 
  9495 
  9499 
  9496 
  9497 
  9498 
  7892 
  7891 
  9555 
  9558 
  9557 
  9556 
  9559 
  9560 
  9561 
  9562 
  9563 
  9564 
  9565 
  9591 
  9567 
  9566 
  9569 
  9568 
  9570 
  9571 
  9573 
  9572 
  9574 
  9575 
  9576 
  9577 
  9578 
  9579 
  9595 
  9581 
  9580 
  9582 
  9583 
  9585 
  9584 
  9586 
  9587 
  9589 
  9588 
  9590 
  9592 
  9593 
  9594 
  9514 
  9517 
  9516 
  9515 
  9518 
  9519 
  9520 
  9521 
  9522 
  9523 
  9524 
  9527 
  9526 
  9529 
  9528 
  9530 
  9531 
  9533 
  9532 
  9534 
  9535 
  9536 
  9537 
  9538 
  9539 
  9542 
  9541 
  9543 
  9544 
  9546 
  9545 
  9547 
  9548 
  9550 
  9549 
  9551 
  9525 
  9552 
  9553 
  9554 
  9540 
  9606 
  9610 
  9637 
  9608 
  9609 
  9613 
  9612 
  9611 
  9614 
  9615 
  9596 
  9717 
  9599 
  9600 
  9597 
  9603 
  9602 
  9601 
  9604 
  9605 
 10340 
  9632 
  9633 
 10342 
  9915 
  9635 
  9636 
  9631 
 10193 
  9634 
  9629 
  9630 
 10330 
  9626 
  9627 
  9623 
  9617 
  9618 
  9625 
  9621 
  9622 
  9598 
  9647 
  9858 
  9854 
  9853 
  9643 
  9643 
  9853 
  9645 
 10290 
  9638 
 10291 
  9855 
  9645 
  9857 
 10294 
  9859 
  9862 
  9861 
  9860 
  9865 
  9864 
  9861 
  9866 
  9876 
  9856 
  9867 
  9871 
  9870 
  9869 
  9868 
  9872 
  9873 
  9874 
  9875 
  9876 
  9863 
  9877 
  9878 
  9880 
  9879 
  9881 
  9882 
  9883 
  9884 
  9684 
  9885 
  9684 
  9886 
  9887 
  9687 
  9688 
  9689 
  9690 
  9889 
  9890 
  9891 
  9256 
  9892 
  9923 
  9697 
  9895 
  9893 
  9896 
  9897 
  9898 
  9899 
  9900 
  9705 
  9923 
  9910 
  9902 
  9921 
  9903 
  9904 
  9911 
  9905 
  9906 
  9907 
  9908 
  9607 
  9909 
  9912 
  9913 
  9914 
  9916 
  9917 
  9918 
 10038 
  9920 
  9922 
  9924 
  9925 
  9942 
  9926 
  9967 
  9927 
  9929 
  9930 
  9931 
  9932 
  9934 
  9933 
  9928 
  9935 
  9937 
  9936 
  9938 
  9940 
  9939 
  9941 
  9943 
  9944 
  9945 
  9946 
  9947 
  9949 
  9948 
  9950 
  9951 
  9953 
  9952 
  9955 
  9954 
  9956 
  9958 
  9957 
  9959 
  9960 
  9962 
  9961 
  9964 
  9963 
  9965 
  9966 
  9968 
  9969 
  9970 
  9998 
  9971 
  9972 
  9973 
  9975 
  9976 
  9977 
  9974 
  9783 
  9784 
  9981 
  9786 
  9983 
  9991 
 10034 
  9792 
  9791 
  9790 
  9804 
  9979 
  9986 
  9987 
  9988 
  9990 
  9992 
  9993 
  9994 
  9994 
  9995 
  9793 
  9996 
  9997 
 10002 
 10001 
 10000 
  9999 
 10003 
 10005 
 10004 
 10007 
 10006 
 10008 
 10009 
  9818 
  9819 
  9981 
 10010 
 10012 
 10011 
 10014 
 10013 
  9989 
 10016 
  9978 
 10018 
 10020 
 10017 
 10019 
 10021 
 10022 
 10023 
 10024 
 10025 
 10026 
 10028 
 10027 
 10343 
 10029 
 10030 
 10031 
 10032 
 10033 
 10035 
 10036 
 10037 
 10038 
  9851 
 10039 
  9644 
  9640 
  9649 
  9662 
  9857 
  9639 
  9653 
  9656 
  9659 
  9654 
  9673 
  9658 
  9657 
  9660 
  9663 
  9667 
  9666 
  9665 
  9664 
  9668 
  9669 
  9670 
  9671 
  9661 
  9674 
  9675 
  9677 
  9676 
  9678 
  9679 
  9680 
  9681 
  9683 
  9685 
  9686 
  9116 
  9691 
  9692 
  9693 
  9695 
  9893 
  9697 
  9698 
  9700 
  9701 
  9702 
  9703 
  9704 
  9696 
  9708 
  9710 
  9711 
  9713 
  9714 
  9715 
  9716 
  9718 
  9707 
  9712 
  9719 
  9720 
  9721 
  9620 
  9722 
  9723 
  9724 
  9725 
  9726 
  9709 
  9727 
  9706 
  9728 
  9729 
  9731 
  9733 
  9740 
  9734 
  9735 
  9736 
  9737 
  9739 
  9738 
  9741 
  9743 
  9742 
  9744 
  9746 
  9745 
  9747 
  9730 
  9748 
  9749 
  9750 
  9751 
  9752 
  9754 
  9753 
  9755 
  9756 
  9758 
  9757 
  9760 
  9759 
  9761 
  9763 
  9762 
  9764 
  9765 
  9767 
  9766 
  9769 
  9768 
  9770 
  9771 
  9732 
  9772 
  9773 
  9774 
  9776 
  9777 
  9778 
  9782 
  9779 
  9780 
  9781 
  9978 
  9794 
  9784 
  9785 
  9982 
  9787 
  9804 
  9828 
  9795 
  9796 
  9797 
  9821 
  9798 
  9788 
  9799 
  9800 
  9801 
  9803 
  9805 
  9806 
  9775 
  9810 
  9809 
  9808 
  9807 
  9811 
  9813 
  9812 
  9815 
  9814 
  9816 
  9817 
  9821 
  9823 
  9822 
  9825 
  9824 
  9826 
  9827 
  9831 
  9829 
  9832 
  9830 
  9833 
  9834 
  9835 
  9836 
  9837 
  9838 
  9840 
  9839 
  9842 
  9843 
  9844 
  9845 
  9846 
  9789 
  9847 
  9848 
  9849 
  9850 
  9852 
 10194 
 10196 
 10195 
 10199 
 10197 
 10198 
 10201 
 10200 
 10203 
 10050 
 10049 
 10223 
 10052 
 10204 
 10205 
 10206 
 10207 
 10208 
 10209 
 10202 
 10210 
 10211 
 10212 
 10213 
 10214 
 10215 
 10216 
 10217 
 10218 
 10219 
 10222 
 10220 
 10224 
 10225 
 10232 
 10226 
 10227 
 10228 
 10231 
 10221 
 10233 
 10234 
 10235 
 10236 
 10237 
 10239 
 10241 
 10242 
 10229 
 10244 
 10245 
 10246 
 10247 
 10248 
 10249 
 10243 
 10192 
 10191 
 10250 
 10328 
 10251 
 10252 
 10253 
 10256 
 10255 
 10257 
 10258 
 10259 
 10261 
 10260 
 10264 
 10263 
 10262 
 10265 
 10266 
 10267 
 10269 
 10268 
 10270 
 10271 
 10272 
 10273 
 10274 
 10275 
 10276 
 10277 
 10279 
 10278 
 10280 
 10286 
 10281 
 10282 
 10283 
 10284 
 10285 
 10289 
 10287 
 10288 
 10338 
 10292 
 10293 
 10295 
 10296 
 10297 
 10298 
 10299 
 10300 
 10302 
 10307 
 10303 
 10304 
 10305 
 10308 
 10306 
 10309 
 10310 
 10311 
 10312 
 10313 
 10314 
 10316 
 10315 
 10317 
 10318 
 10320 
 10319 
 10321 
 10324 
 10322 
 10323 
 10325 
 10326 
 10327 
 10254 
 10331 
 10332 
 10333 
 10334 
 10335 
 10336 
 10337 
 10339 
 10329 
 10341 
 10344 
 10345 
 10346 
 10347 
 10348 
 10371 
 10372 
 10097 
 10096 
  9624 
 10040 
 10042 
 10041 
 10044 
 10045 
 10043 
 10047 
 10046 
 10059 
 10048 
 10053 
 10054 
 10055 
 10056 
 10057 
 10058 
 10060 
 10061 
 10062 
 10063 
 10064 
 10065 
 10066 
 10067 
 10068 
 10069 
 10071 
 10079 
 10070 
 10378 
 10072 
 10073 
 10075 
 10076 
 10077 
 10088 
 10387 
 10078 
 10074 
 10080 
 10081 
 10082 
 10083 
 10084 
 10083 
 10085 
 10081 
 10086 
 10087 
 10095 
 10089 
 10090 
 10091 
 10092 
 10093 
 10094 
 10098 
 10100 
 10101 
 10102 
 10173 
 10104 
 10103 
 10105 
 10106 
 10107 
 10109 
 10108 
 10112 
 10111 
 10110 
 10113 
 10114 
 10115 
 10117 
 10116 
 10118 
 10119 
 10120 
 10121 
 10122 
 10123 
 10124 
 10125 
 10127 
 10126 
 10128 
 10130 
 10131 
 10132 
 10133 
 10134 
 10129 
 10136 
 10137 
 10135 
  9646 
  9648 
 10139 
 10140 
  9652 
 10141 
 10142 
 10143 
 10144 
 10145 
 10146 
 10355 
 10147 
 10149 
 10150 
 10151 
 10153 
 10148 
 10152 
 10154 
 10155 
 10156 
 10157 
 10158 
 10159 
 10161 
 10160 
 10162 
 10163 
 10165 
 10164 
 10166 
 10168 
 10169 
 10167 
 10170 
 10171 
 10172 
 10099 
 10182 
  9628 
 10174 
 10175 
 10176 
 10177 
 10178 
 10179 
 10180 
 10138 
 10181 
  9616 
 10183 
  9619 
  9841 
 10184 
 10185 
 10186 
 10187 
 10188 
 10350 
 10349 
 10367 
 10353 
 10352 
 10356 
 10301 
 10354 
 10360 
 10361 
 10362 
 10357 
 10358 
 10359 
 10244 
 10369 
  9179 
  9188 
 10351 
 10089 
 10364 
 10390 
 10189 
 10190 
 10391 
 10392 
 10394 
 10393 
 10395 
 10395 
 10396 
 10397 
 10401 
 10400 
 10399 
 10398 
 10402 
 10403 
 10230 
 10404 
 10405 
 10370 
 10373 
 10374 
 10376 
 10375 
 10378 
 10379 
 10380 
 10384 
 10383 
 10382 
 10381 
 10385 
 10386 
 10388 
 10389 
 10518 
 10519 
 10520 
 10521 
 10567 
 10524 
 10523 
 10525 
 10526 
 10527 
 10528 
 10530 
 10529 
 10531 
 10532 
 10534 
 10569 
 10535 
 10537 
 10536 
 10538 
 10539 
 10540 
 10541 
 10542 
 10543 
 10544 
 10545 
 10546 
 10547 
 10549 
 10548 
 10550 
 10551 
 10552 
 10554 
 10553 
 10556 
 10522 
 10558 
 10559 
 10560 
 10561 
 10562 
 10555 
 10563 
 10564 
 10565 
 10568 
 10570 
 10571 
 10572 
 10573 
 10574 
 10575 
 10576 
 10577 
 10578 
 10587 
 10557 
 10579 
 10581 
 10583 
 10584 
 10585 
 10582 
 10586 
 10588 
 10589 
 10681 
 10590 
 10591 
 10592 
 10593 
 10533 
 10594 
 10595 
 10598 
 10597 
 10599 
 10600 
 10601 
 10602 
 10603 
 10604 
 10605 
 10606 
 10692 
 10609 
 10608 
 10607 
 10610 
 10612 
 10613 
 10614 
 10618 
 10616 
 10615 
 10617 
 10620 
 10619 
 10622 
 10623 
 10625 
 10624 
 10566 
 10626 
 10627 
 10630 
 10629 
 10628 
 10632 
 10406 
 10407 
 10408 
 10409 
 10444 
 10412 
 10411 
 10413 
 10414 
 10415 
 10416 
 10418 
 10417 
 10419 
 10420 
 10480 
 10421 
 10423 
 10425 
 10424 
 10426 
 10427 
 10428 
 10429 
 10430 
 10431 
 10432 
 10433 
 10434 
 10435 
 10437 
 10436 
 10438 
 10439 
 10440 
 10442 
 10441 
 10450 
 10443 
 10465 
 10445 
 10446 
 10447 
 10448 
 10449 
 10451 
 10452 
 10453 
 10511 
 10410 
 10454 
 10422 
 10455 
 10456 
 10457 
 10458 
 10459 
 10460 
 10461 
 10462 
 10463 
 10466 
 10651 
 10467 
 10471 
 10468 
 10469 
 10470 
 10472 
 10464 
 10473 
 10474 
 10476 
 10477 
 10478 
 10479 
 10481 
 10482 
 10665 
 10484 
 10483 
 10485 
 10486 
 10487 
 10488 
 10489 
 10490 
 10491 
 10492 
 10496 
 10495 
 10494 
 10497 
 10442 
 10498 
 10499 
 10500 
 10503 
 10502 
 10504 
 10501 
 10506 
 10505 
 10653 
 10507 
 10508 
 10510 
 10509 
 10512 
 10513 
 10516 
 10515 
 10514 
 10663 
 10517 
  9211 
 10670 
 10671 
 10672 
 10676 
 10673 
 10674 
 10695 
 10675 
 10703 
 10677 
 10678 
 10679 
 10680 
 10682 
 10683 
 10685 
 10684 
 10580 
 10686 
 10621 
 10687 
 10688 
 10689 
 10690 
 10691 
 10693 
 10694 
 10696 
 10697 
 10631 
 10698 
 10596 
 10700 
 10701 
 10702 
 10704 
 10634 
 10635 
 10636 
 10638 
 10639 
 10641 
 10637 
 10643 
 10644 
 10645 
 10646 
 10475 
 10647 
 10648 
 10650 
 10649 
 10652 
 10654 
 10655 
 10656 
 10657 
 10658 
 10493 
 10659 
 10494 
 10640 
 10661 
 10662 
 10664 
 10662 
 10666 
 10667 
 10668 
 10642 
 10669 
 10705 
 10706 
 10710 
 10708 
 10708 
  6280 
 10711 
 10712 
 10757 
 10740 
  8220 
 10752 
 10763 
 10748 
 10729 
 10724 
 10723 
 10719 
 10721 
     2 
     6 
     4 
 11992 
 10729 
 10728 
 11994 
 11785 
    19 
 11999 
 11999 
 10764 
  8423 
  8427 
 10715 
 10745 
 10714 
 10746 
  8726 
  8780 
 10750 
 10739 
 10741 
 10742 
 10718 
 10718 
 10744 
  8927 
 10716 
 10755 
 10756 
  9073 
 10754 
  9057 
  9072 
  8700 
  8223 
 10762 
 10761 
 10717 
  8899 
  8904 
  8904 
  5093 
 11255 
 11256 
  5096 
 11258 
 11259 
  5103 
 11260 
 11262 
 11261 
 11263 
 11264 
 11266 
 11265 
 11267 
 11268 
 11269 
 11270 
 11273 
 11272 
 11271 
 11274 
 11276 
 11275 
 11277 
 11278 
  5498 
 11279 
 11281 
 11280 
 11336 
 11337 
 11282 
 11283 
 11286 
 11285 
 11284 
 11288 
 11287 
 11289 
 11292 
 11293 
 11294 
 11295 
 11296 
 11297 
 11298 
 11300 
 11299 
 11301 
 11302 
 11303 
 11304 
 11305 
 11306 
 11307 
 11308 
 11309 
 11311 
 11310 
 11312 
 11314 
 11313 
 11315 
  5615 
 11316 
 11318 
 11317 
 11319 
 11321 
 11320 
 11322 
 11324 
 11323 
 11326 
 11325 
 11327 
 11328 
 11329 
 11330 
  5123 
 11257 
 11331 
 11332 
 11333 
 11334 
 11335 
 11338 
 11339 
 11342 
 11340 
 11341 
 11343 
 11344 
 11345 
 11346 
 11347 
 11348 
 11349 
 11350 
 11351 
 11352 
 11472 
 11353 
 11355 
 11357 
 11356 
 11359 
 11358 
 11360 
 11361 
 11362 
 11364 
 11365 
 11368 
 11367 
 11366 
 11369 
 11370 
 11371 
 11372 
 11375 
 11374 
 11373 
 11377 
 11376 
 11378 
 11379 
 11380 
 11384 
 11383 
 11385 
 11386 
 11382 
 11387 
 11388 
 11390 
 11389 
 11391 
 11392 
 11393 
 11394 
 11395 
 11398 
 11397 
 11399 
 11400 
 11401 
 11402 
 11396 
 11403 
 11404 
 11406 
 11405 
 11407 
 11408 
 11409 
 11412 
 11411 
 11410 
 11415 
 11414 
 11413 
 11416 
 11417 
 11418 
 11419 
 11420 
 11421 
 11423 
 11422 
 11424 
 11425 
 11435 
 11426 
 11427 
 11428 
 11429 
 11430 
 11431 
 11432 
 11433 
 11436 
 11434 
 11437 
 11439 
 11438 
 11441 
 11440 
 11442 
 11443 
 11447 
 11446 
 11444 
 11448 
 11449 
 11451 
 11450 
 11452 
 11445 
 11453 
 11455 
 11454 
 11457 
 11456 
 11458 
 11459 
 11460 
 11462 
 11461 
 11463 
 11464 
 11465 
 11467 
 11466 
 11564 
 11468 
 11469 
 11470 
 11471 
 11738 
 11473 
 11476 
 11475 
 11474 
 11479 
 11478 
 11477 
 11480 
 11363 
 11483 
 11482 
 11484 
 11485 
 11488 
 11487 
 11486 
 11489 
 11490 
 11491 
 11492 
 11493 
 11507 
 11495 
 11494 
 11496 
 11497 
 11500 
 11499 
 11498 
 11501 
 11503 
 11502 
 11505 
 11504 
 11506 
 11508 
 11509 
 11510 
 11511 
 11512 
 11513 
 11514 
 11515 
 11516 
 11519 
 11518 
 11517 
 11521 
 11520 
 11522 
 11524 
 11523 
 11526 
 11525 
 11527 
 11530 
 11529 
 11528 
 11531 
 11532 
 11533 
 11534 
 11536 
 11535 
 11538 
 11537 
 11539 
 11541 
 11540 
 11542 
 11558 
 11543 
 11544 
 11545 
 11546 
 11547 
 11548 
 11549 
 11550 
 11551 
 11552 
 11553 
 11554 
 11555 
 11556 
 11557 
 11610 
 11559 
 11560 
 11381 
 11561 
 11562 
 11563 
 11569 
 11566 
 11565 
 11567 
 11568 
 11570 
 11571 
 11573 
 11572 
 11574 
 11575 
 11576 
 11577 
 11578 
 11579 
 11580 
 11581 
 11583 
 11586 
 11585 
 11584 
 11587 
 11588 
 11590 
 11589 
 11591 
 11592 
 11593 
 11594 
 11595 
 11596 
 11598 
 11597 
 11599 
 11600 
 11602 
 11601 
 11603 
 11605 
 11606 
 11607 
 11608 
 11609 
 11611 
 11612 
 11613 
 11614 
 11481 
 11619 
 11615 
 11616 
 11617 
 11618 
 11620 
 11626 
 11621 
 11622 
 11623 
 11624 
 11604 
 11627 
 11625 
 11628 
 11629 
 11630 
 11631 
 11632 
 11633 
 11635 
 11636 
 11637 
 11638 
 11634 
 11640 
 11639 
 11643 
 11641 
 11642 
 11644 
 11645 
 11647 
 11646 
 11648 
 11649 
 11651 
 11650 
 11653 
 11652 
 11654 
 11655 
 11656 
 11674 
 11657 
 11658 
 11659 
 11660 
 11661 
 11662 
 11663 
 11665 
 11664 
 11666 
 11667 
 11668 
 11669 
 11671 
 11670 
 11680 
 11672 
 11673 
 11675 
 11676 
 11677 
 11678 
 11679 
 11681 
 11682 
 11683 
 11685 
 11684 
 11686 
 11688 
 11687 
 11689 
 11690 
 11691 
 11692 
 11693 
 11708 
 11694 
 11695 
 11696 
 11697 
 11698 
 11700 
 11701 
 11703 
 11702 
 11704 
 11705 
 11706 
 11755 
 11707 
 11582 
 11709 
 11711 
 11713 
 11712 
 11714 
 11715 
 11717 
 11718 
 11719 
 11720 
 11721 
 11722 
 11723 
 11724 
 11726 
 11725 
 11727 
 11728 
 11729 
 11730 
 11716 
 11731 
 11733 
     7 
 11734 
 11735 
 11736 
 11737 
 11739 
 11740 
 10768 
 10769 
 10848 
 10771 
 10772 
 10774 
 10776 
 10775 
 10777 
 10778 
 10780 
 10779 
 10781 
 10782 
 10783 
 10784 
 10787 
 10786 
 10785 
 10788 
 10790 
 10789 
 10791 
 10792 
 10794 
 10796 
 10795 
 10799 
 10800 
 10803 
 10802 
 10801 
 10805 
 10804 
 10806 
  4667 
  4666 
 10807 
 10808 
 10809 
 10810 
 10811 
 10812 
 10813 
 10815 
 10814 
 10816 
 10817 
 10818 
 10819 
 10820 
 10821 
 10822 
 10823 
 10824 
 10826 
 10825 
 10827 
 10829 
 10828 
 10830 
 10832 
 10834 
 10833 
 10835 
 10837 
 10836 
 10838 
 10840 
 10839 
 10842 
 10841 
 10843 
 10844 
 10845 
 10846 
 10849 
 10850 
 10851 
 10852 
 10853 
 10797 
 10798 
 10854 
 10855 
 10857 
 10858 
 10856 
 10859 
 10860 
 10861 
 10862 
 10863 
 10864 
 10865 
 10866 
 10867 
 10868 
 10870 
 11935 
 10871 
 10873 
 10872 
 10875 
 10874 
 10876 
 10877 
 10878 
 10996 
 10879 
 10880 
 10883 
 10882 
 10881 
 10884 
 10885 
 10886 
 10887 
 10890 
 10889 
 10888 
 10892 
 10891 
 10893 
 10894 
 10895 
 11077 
 10900 
 10897 
 10896 
 10898 
 10899 
 10901 
 10902 
 10904 
 10903 
 10905 
 10906 
 10907 
 10908 
 10909 
 10916 
 10911 
 10910 
 10912 
 10913 
 10914 
 10915 
 10917 
 10918 
 10920 
 10919 
 10921 
 10922 
 10923 
 10926 
 10925 
 10924 
 10929 
 10928 
 10927 
 10930 
 10931 
 10932 
 10933 
 10934 
 10935 
 10937 
 10936 
 10938 
 10939 
 10941 
 10942 
 10943 
 10944 
 10945 
 10946 
 10947 
 10948 
 10950 
 10940 
 10949 
 10951 
 10953 
 10952 
 10955 
 10954 
 10956 
 10957 
 10960 
 10966 
 10959 
 10958 
 10961 
 10962 
 10964 
 10963 
 10965 
 10967 
 10969 
 10968 
 10971 
 10970 
 10972 
 10973 
 10974 
 10976 
 10975 
 10977 
 10978 
 10979 
 10981 
 10980 
 10983 
 10984 
 10985 
 10986 
 10869 
 10988 
 10991 
 10990 
 10989 
 10994 
 10993 
 10992 
 10995 
 11128 
 10998 
 10997 
 10999 
 11000 
 11003 
 11002 
 11001 
 11004 
 11005 
 11006 
 11007 
 11008 
 11011 
 11010 
 11012 
 11013 
 11016 
 11015 
 11014 
 11017 
 11019 
 11018 
 11021 
 11020 
 11022 
 11009 
 11023 
 11024 
 11025 
 11026 
 11027 
 11028 
 11029 
 11030 
 11031 
 11034 
 11033 
 11032 
 11036 
 11035 
 11037 
 11039 
 11038 
 11041 
 11040 
 11042 
 11045 
 11044 
 11043 
 11046 
 11047 
 11048 
 11049 
 11051 
 11050 
 11053 
 11052 
 11054 
 11056 
 11055 
 11057 
 11059 
 11060 
 11061 
 11062 
 11063 
 11064 
 11065 
 11066 
 11067 
 11068 
 11069 
 11070 
 11071 
 11072 
 11073 
 11058 
 11075 
 11076 
 11078 
 11079 
 11080 
 10982 
 11083 
 11082 
 11084 
 11085 
 11081 
 11086 
 11087 
 11089 
 11088 
 11090 
 11091 
 11092 
 11093 
 11094 
 11095 
 11096 
 11097 
 11224 
 11098 
 11101 
 11100 
 11099 
 11102 
 11103 
 11105 
 11104 
 11106 
 11107 
 11108 
 11109 
 11110 
 11111 
 11113 
 11112 
 11114 
 11115 
 11117 
 11116 
 11118 
 11140 
 11119 
 11120 
 11121 
 11122 
 11123 
 11074 
 11124 
 11125 
 11126 
 11127 
 11130 
 11131 
 11132 
 11133 
 11129 
 11134 
 11136 
 11137 
 11138 
 11139 
 11142 
 11135 
 11141 
 11143 
 11144 
 11145 
 11146 
 11147 
 11148 
 11153 
 11149 
 11150 
 11151 
 11152 
 11155 
 11154 
 11157 
 11158 
 11156 
 11159 
 11160 
 11162 
 11161 
 11163 
 11164 
 11166 
 11165 
 11168 
 11167 
 11169 
 11170 
 11171 
 11173 
 11174 
 11175 
 11176 
 11177 
 11178 
 11179 
 11181 
 11180 
 11182 
 11183 
 11184 
 11185 
 11187 
 11186 
 11189 
 11190 
 11172 
 11191 
 11192 
 11193 
 11194 
 11195 
 11188 
 11196 
 11197 
 11198 
 11200 
 11199 
 11201 
 11203 
 11202 
 11204 
 11205 
 11206 
 11207 
 11208 
 11210 
 11211 
 11212 
 11213 
 11214 
 11775 
 11215 
 11216 
 11218 
 11217 
 11219 
 11220 
 11221 
 11223 
 11209 
 11225 
 11744 
 11226 
 11228 
 11227 
 11229 
 11230 
 11245 
 11231 
 11232 
 11233 
 11234 
 11235 
 11236 
 11237 
 11238 
 11240 
 11239 
 11241 
 11242 
 11243 
 11244 
 11246 
 11789 
 11247 
 11249 
 11250 
 11251 
 11252 
 10987 
 11253 
 11254 
 11756 
 11757 
 11758 
 11710 
 11759 
 11760 
    12 
 11761 
 11762 
 11764 
 11765 
 11778 
 11766 
    10 
 11222 
 11741 
 11742 
 11743 
 11745 
 11746 
 11748 
 11749 
     8 
 11750 
 11751 
 11753 
     8 
 11993 
    11 
 11773 
 11752 
 11771 
 11770 
 11776 
 11699 
 11774 
 11780 
 11752 
 11783 
 11777 
 11782 
 11781 
 11779 
 11798 
 10731 
 11801 
 11918 
 11802 
 11732 
 11805 
 11804 
 11806 
 11807 
 11808 
 11811 
 11810 
 11812 
 11784 
    18 
 11835 
 11786 
 11788 
 11787 
 11791 
 11790 
 11792 
 11793 
 11794 
 11773 
 11796 
 11839 
 11797 
    17 
 11922 
 11816 
 11815 
 11943 
 11819 
 11818 
 11863 
 11858 
 11824 
 11825 
 11822 
 11823 
 11847 
 11850 
 11911 
 11924 
 11835 
 11920 
 11834 
 11836 
 11832 
 11830 
 11833 
 11838 
 11837 
 11811 
 11841 
 11840 
 11843 
 11842 
 11845 
 11844 
 11853 
 11826 
 11854 
 11855 
 11827 
 11856 
 11857 
 11846 
 11848 
 11849 
 11851 
 11852 
 11821 
 11821 
 11828 
 11862 
 11861 
 11820 
 11882 
 11883 
 11885 
 11886 
 11887 
 11891 
 11893 
 11889 
 11890 
 11892 
 11944 
 11894 
 11898 
 11895 
 11896 
 11897 
 11899 
 11900 
 11864 
 11865 
 11922 
 11866 
 11867 
 11868 
 11907 
 11871 
 11872 
 11869 
 11873 
 11870 
 11875 
 11877 
 11878 
 11879 
 11876 
 11880 
 11881 
 11902 
 11901 
 11904 
 11903 
 11976 
 11908 
 11888 
 11906 
 11926 
 11912 
 11828 
 11910 
 11914 
 11913 
 11920 
 11912 
 11918 
 11917 
 11921 
 11915 
 11919 
 11884 
 11924 
 11923 
 11923 
 11909 
 11928 
 11927 
 11930 
 11929 
 11936 
 11937 
 11938 
 11939 
 11354 
 11931 
 11932 
 11933 
 11934 
 11942 
 11945 
 11940 
 11817 
 11874 
 11941 
 11961 
 11951 
 11952 
 11953 
 11982 
 11947 
 11948 
 11949 
 11956 
 11958 
 11954 
 11975 
 11955 
 11960 
 11959 
 11946 
    26 
 11965 
 11966 
 11963 
 11964 
 11969 
 11970 
 11967 
 11968 
 11973 
 11974 
 11971 
 11972 
 11957 
 11905 
 11978 
 11977 
 11980 
 11979 
 11983 
 11950 
 11981 
 11987 
 11988 
 11989 
 11984 
 11985 
 11986 
 11991 
 11990 
 10727 
 11768 
 10730 
 11996 
 11995 
    15 
 12000 
 10734 
 11998 
